# n = 100
    1    1    1   -1    1    1   -1    1   -1    1   -1   -1    1    1    1   -1    1    1    1   -1    1    1    1   -1    1   -1    1    1    1   -1    1    1   -1   -1    1   -1   -1   -1    1   -1    1    1    1   -1   -1   -1    1    1    1   -1    1    1   -1    1   -1   -1    1    1   -1   -1    1    1    1   -1   -1   -1   -1    1    1    1    1   -1    1   -1   -1    1    1    1    1    1   -1   -1   -1   -1   -1    1    1   -1   -1    1    1   -1    1   -1    1   -1    1   -1    1    1
   -1    1   -1    1   -1    1    1   -1   -1   -1   -1   -1   -1   -1   -1    1    1   -1    1   -1   -1   -1   -1   -1    1   -1    1    1    1    1   -1   -1   -1    1   -1    1    1   -1    1   -1   -1    1   -1   -1    1    1    1    1    1   -1    1    1    1   -1    1    1    1    1   -1   -1   -1   -1    1    1    1    1   -1   -1    1    1    1   -1    1   -1   -1   -1    1   -1    1   -1    1    1    1   -1   -1    1    1    1   -1    1   -1   -1    1   -1    1   -1    1    1   -1    1
   -1    1   -1   -1    1   -1    1    1   -1    1    1    1   -1   -1    1   -1    1   -1    1    1    1   -1   -1    1   -1   -1   -1   -1    1   -1    1   -1    1   -1    1   -1    1   -1   -1   -1   -1   -1   -1   -1   -1   -1   -1   -1   -1    1    1   -1   -1   -1    1    1   -1   -1    1    1   -1   -1    1    1    1    1    1   -1    1    1    1   -1    1    1    1    1   -1   -1   -1   -1   -1   -1   -1    1    1    1    1   -1    1   -1    1    1   -1   -1    1   -1   -1   -1    1    1
    1    1   -1    1   -1   -1   -1   -1   -1   -1   -1    1   -1    1   -1   -1    1   -1    1   -1   -1   -1   -1   -1   -1    1    1   -1    1    1   -1    1    1   -1   -1    1   -1   -1    1   -1    1    1    1   -1    1   -1    1   -1   -1   -1   -1   -1    1   -1    1   -1    1    1   -1    1   -1   -1    1    1   -1   -1    1    1   -1    1   -1    1   -1    1    1   -1   -1    1    1    1   -1   -1   -1   -1   -1   -1   -1   -1   -1    1   -1   -1   -1   -1    1    1    1    1   -1    1
    1   -1    1   -1    1    1   -1   -1   -1    1   -1   -1   -1   -1   -1    1   -1   -1   -1   -1    1   -1    1   -1    1   -1    1   -1    1    1    1   -1   -1   -1    1    1   -1   -1    1    1    1    1    1   -1   -1   -1    1    1   -1    1   -1    1   -1    1   -1   -1   -1    1   -1    1    1   -1   -1   -1    1    1    1    1   -1   -1   -1    1   -1    1   -1    1    1    1   -1   -1    1   -1    1    1   -1    1    1   -1    1   -1   -1    1   -1    1   -1   -1    1    1   -1   -1
    1   -1   -1   -1    1    1   -1    1   -1   -1    1   -1    1    1   -1    1    1    1   -1   -1   -1   -1   -1    1    1   -1    1    1   -1   -1   -1   -1    1   -1   -1    1    1    1   -1    1    1   -1   -1   -1   -1    1    1    1    1   -1   -1   -1   -1    1    1   -1    1    1   -1   -1    1   -1    1   -1   -1    1    1    1    1   -1   -1    1    1    1    1   -1   -1    1    1   -1    1    1    1   -1    1    1   -1   -1    1    1    1    1    1    1    1   -1    1   -1    1   -1
   -1   -1    1   -1   -1   -1   -1    1   -1    1    1    1   -1   -1    1   -1    1    1   -1   -1    1   -1   -1   -1   -1    1    1    1    1   -1   -1    1   -1    1    1    1    1   -1    1    1   -1   -1    1    1   -1   -1    1   -1   -1   -1   -1   -1    1    1    1   -1    1   -1   -1    1   -1    1    1   -1    1    1    1    1    1    1   -1    1   -1    1    1    1   -1   -1   -1    1   -1    1    1    1   -1   -1   -1    1    1   -1    1   -1    1    1   -1   -1    1   -1   -1   -1
    1   -1   -1    1   -1    1    1    1    1    1   -1   -1   -1   -1    1   -1    1   -1    1    1    1    1    1   -1    1    1   -1    1   -1   -1   -1    1   -1   -1   -1    1   -1    1   -1    1   -1    1    1   -1   -1    1   -1   -1   -1   -1   -1   -1    1    1   -1   -1   -1   -1   -1    1   -1   -1    1   -1   -1    1    1    1   -1   -1   -1    1    1    1    1   -1    1    1    1    1    1   -1   -1   -1   -1   -1   -1    1   -1   -1    1   -1    1    1   -1   -1   -1    1   -1   -1
    1    1    1   -1   -1    1    1   -1   -1    1   -1    1   -1    1   -1   -1    1    1   -1   -1    1    1   -1   -1    1   -1    1    1   -1   -1   -1   -1    1    1    1    1   -1    1    1   -1    1   -1   -1    1    1   -1    1   -1    1   -1    1   -1    1   -1   -1    1   -1   -1   -1   -1   -1    1   -1    1   -1   -1   -1   -1   -1   -1   -1   -1   -1   -1    1    1   -1   -1    1   -1    1    1    1   -1   -1   -1    1    1   -1   -1   -1    1    1   -1   -1   -1    1    1   -1    1
   -1   -1    1   -1    1   -1   -1    1   -1    1    1    1    1    1   -1   -1    1    1    1   -1    1   -1    1   -1   -1    1   -1   -1    1   -1    1    1    1    1   -1    1   -1   -1   -1    1   -1    1    1    1    1    1   -1   -1   -1   -1   -1    1   -1   -1    1   -1    1   -1    1    1    1    1    1   -1    1   -1    1    1    1    1   -1    1   -1    1    1    1   -1    1   -1   -1   -1    1    1   -1   -1   -1   -1   -1    1    1   -1    1   -1    1    1    1   -1   -1   -1   -1
    1   -1   -1   -1   -1   -1    1   -1    1    1   -1   -1    1   -1    1    1   -1   -1   -1   -1   -1    1    1   -1    1   -1   -1   -1    1   -1    1    1   -1   -1   -1    1    1   -1   -1   -1   -1    1    1    1   -1   -1    1   -1   -1    1   -1    1   -1    1    1   -1    1    1   -1   -1   -1    1   -1   -1    1   -1   -1    1   -1   -1    1    1   -1    1    1    1   -1    1   -1   -1   -1    1   -1   -1   -1   -1    1    1   -1    1    1    1   -1    1    1   -1   -1   -1   -1    1
   -1    1    1    1    1   -1   -1    1    1   -1   -1    1    1   -1   -1   -1    1    1    1   -1    1   -1    1   -1    1    1   -1    1    1   -1    1    1   -1   -1   -1    1    1    1    1    1   -1    1   -1   -1    1    1   -1    1   -1    1   -1    1    1   -1   -1   -1    1   -1    1   -1   -1   -1   -1    1   -1    1    1   -1   -1    1    1   -1    1    1    1    1   -1    1   -1    1   -1   -1    1   -1   -1    1    1    1   -1    1   -1    1    1   -1    1    1    1    1   -1   -1
    1    1    1   -1   -1   -1   -1   -1    1    1   -1   -1   -1   -1    1    1   -1    1    1   -1    1   -1   -1   -1   -1    1    1    1    1   -1    1   -1    1   -1    1    1   -1   -1    1    1    1   -1    1    1   -1    1   -1    1   -1    1   -1   -1    1   -1    1   -1   -1   -1   -1   -1    1   -1   -1    1   -1    1   -1   -1   -1    1    1    1    1   -1   -1    1    1    1    1   -1   -1    1   -1   -1    1   -1   -1   -1   -1   -1    1    1   -1   -1    1   -1    1   -1   -1    1
   -1    1   -1   -1    1    1   -1    1    1   -1    1    1   -1   -1    1   -1    1    1    1   -1   -1   -1   -1   -1    1   -1    1   -1   -1   -1   -1   -1    1    1   -1   -1   -1    1   -1   -1   -1   -1   -1   -1   -1   -1   -1    1    1    1    1    1   -1    1   -1   -1    1   -1   -1   -1    1    1   -1   -1    1    1   -1    1   -1    1   -1   -1   -1   -1   -1    1   -1   -1   -1    1    1   -1   -1    1   -1   -1   -1    1   -1    1   -1    1    1    1   -1    1    1    1   -1   -1
   -1   -1   -1    1    1    1   -1    1    1    1   -1    1    1   -1    1   -1   -1   -1    1   -1   -1   -1   -1    1   -1    1    1   -1    1    1    1    1   -1    1    1    1    1    1    1    1    1    1    1   -1   -1   -1   -1   -1   -1    1   -1    1   -1    1   -1    1   -1   -1    1    1    1   -1   -1    1    1    1   -1   -1    1   -1    1   -1   -1    1   -1    1    1    1   -1   -1    1    1    1   -1    1    1   -1   -1    1    1    1    1   -1    1    1    1   -1    1   -1   -1
    1    1   -1   -1   -1   -1   -1    1    1   -1   -1    1   -1    1   -1    1   -1    1   -1    1    1   -1   -1    1   -1    1    1    1    1   -1    1   -1   -1    1    1    1   -1   -1   -1   -1   -1    1   -1    1   -1    1   -1   -1    1    1   -1    1    1   -1   -1    1    1   -1   -1    1   -1   -1   -1    1   -1   -1   -1    1    1   -1    1    1   -1    1   -1    1    1    1   -1   -1    1   -1    1    1    1   -1   -1   -1    1    1   -1    1    1    1   -1    1    1   -1   -1    1
   -1    1    1    1   -1   -1   -1   -1    1   -1    1    1   -1    1    1   -1   -1   -1    1   -1   -1   -1    1   -1   -1   -1    1   -1    1   -1   -1   -1    1   -1   -1    1    1   -1    1    1   -1    1    1   -1    1   -1   -1   -1   -1   -1   -1    1   -1   -1    1   -1    1    1   -1    1    1   -1    1    1    1    1   -1    1    1    1   -1    1    1    1   -1   -1   -1   -1    1   -1   -1    1   -1   -1   -1    1    1   -1   -1    1   -1   -1   -1   -1    1    1    1   -1    1   -1
   -1    1    1    1    1    1   -1   -1    1    1   -1   -1    1   -1    1    1    1    1    1    1   -1    1    1   -1   -1    1    1   -1   -1    1    1   -1    1   -1   -1   -1    1    1    1    1    1   -1    1    1    1   -1   -1   -1   -1    1    1    1    1   -1   -1   -1    1   -1   -1    1   -1    1    1    1    1    1   -1   -1    1    1    1    1   -1    1   -1    1   -1    1   -1   -1    1    1   -1    1   -1   -1    1    1   -1    1   -1    1    1    1    1    1    1    1    1   -1
    1   -1   -1   -1   -1   -1   -1   -1   -1   -1    1    1    1   -1   -1   -1   -1   -1    1    1    1    1   -1   -1   -1    1    1    1    1    1    1   -1   -1   -1   -1    1    1   -1   -1    1    1   -1   -1   -1    1   -1   -1   -1   -1   -1    1    1    1    1    1   -1    1    1    1   -1    1   -1   -1   -1    1    1    1    1   -1    1   -1    1    1   -1    1   -1   -1   -1    1    1    1    1   -1    1    1    1    1    1   -1   -1   -1   -1   -1    1   -1   -1   -1   -1    1   -1
    1    1    1   -1    1   -1   -1   -1    1   -1    1    1   -1   -1   -1    1    1   -1    1    1    1   -1   -1    1   -1    1   -1   -1   -1   -1    1   -1   -1   -1   -1    1    1    1    1    1    1    1   -1   -1   -1   -1   -1    1    1    1   -1   -1    1    1   -1   -1    1    1   -1    1   -1    1   -1    1    1   -1   -1   -1   -1    1    1    1   -1    1   -1   -1   -1   -1   -1    1    1    1    1   -1   -1   -1   -1   -1   -1    1   -1    1    1   -1    1    1   -1   -1   -1    1
    1    1    1    1   -1    1    1   -1    1    1    1    1   -1   -1   -1    1   -1    1    1   -1    1    1    1   -1   -1    1    1    1    1   -1    1    1    1   -1    1    1    1    1    1    1   -1    1    1    1    1    1    1    1   -1    1   -1    1    1    1   -1    1   -1   -1    1   -1    1    1    1    1    1   -1   -1    1   -1    1   -1   -1   -1   -1   -1   -1    1    1    1    1    1   -1   -1    1   -1    1   -1    1   -1   -1    1   -1   -1   -1    1   -1   -1   -1    1   -1
    1   -1    1   -1    1    1   -1    1    1   -1    1   -1    1    1    1   -1   -1   -1   -1   -1    1   -1   -1   -1    1   -1    1   -1   -1   -1   -1   -1    1   -1   -1    1    1    1    1    1   -1    1   -1    1   -1   -1    1    1   -1    1    1   -1    1    1    1    1   -1    1    1   -1   -1    1    1   -1   -1    1   -1   -1   -1   -1    1    1    1    1   -1   -1    1   -1    1    1   -1   -1    1    1    1    1   -1    1   -1   -1    1    1   -1    1    1   -1    1    1   -1    1
    1    1    1   -1   -1   -1   -1    1    1    1    1    1   -1    1   -1    1    1    1   -1    1    1    1   -1    1   -1   -1   -1   -1   -1    1    1    1    1   -1   -1   -1   -1   -1   -1    1    1   -1   -1    1   -1    1   -1    1   -1   -1    1   -1    1    1   -1    1   -1   -1   -1    1    1   -1    1    1   -1   -1    1   -1    1    1   -1    1   -1   -1    1    1    1    1    1   -1   -1   -1   -1    1    1   -1   -1    1   -1    1    1   -1    1    1   -1   -1    1   -1   -1   -1
   -1    1    1    1   -1    1   -1    1    1   -1   -1    1    1   -1    1    1    1    1   -1    1   -1    1   -1   -1   -1    1    1   -1    1   -1   -1    1    1    1    1   -1   -1    1    1    1   -1   -1   -1   -1   -1   -1   -1   -1   -1    1    1    1   -1   -1   -1    1    1   -1    1   -1   -1   -1   -1    1   -1    1    1   -1   -1    1   -1    1    1   -1    1   -1    1    1    1    1    1    1    1    1   -1    1   -1    1    1   -1   -1   -1   -1    1    1    1   -1   -1   -1   -1
   -1    1   -1    1   -1   -1    1   -1    1   -1   -1   -1   -1   -1   -1    1   -1    1   -1   -1    1    1    1    1   -1    1    1   -1   -1    1   -1    1   -1   -1   -1   -1    1    1    1   -1    1    1   -1    1   -1   -1    1   -1    1    1   -1    1   -1    1   -1    1    1    1    1    1    1   -1   -1   -1   -1    1    1   -1    1    1    1   -1    1   -1    1    1    1   -1    1    1    1    1   -1   -1    1    1    1   -1    1   -1    1    1    1    1    1    1    1    1    1    1
   -1    1    1   -1   -1    1    1    1    1   -1   -1   -1   -1   -1   -1    1   -1   -1   -1    1   -1    1   -1    1    1   -1    1    1   -1    1    1   -1    1    1    1    1   -1    1   -1   -1   -1   -1    1   -1    1    1    1    1    1    1    1    1   -1   -1    1   -1    1   -1   -1   -1    1   -1    1   -1   -1    1   -1    1   -1    1   -1    1   -1    1    1   -1   -1    1    1    1    1    1   -1    1    1   -1    1    1   -1    1   -1    1   -1    1    1   -1    1   -1    1    1
   -1   -1   -1   -1    1   -1    1   -1   -1   -1    1   -1   -1   -1   -1    1   -1   -1   -1    1   -1    1    1   -1   -1   -1   -1    1    1   -1   -1   -1    1   -1   -1    1    1   -1    1    1   -1   -1   -1   -1    1    1   -1    1    1    1    1    1    1   -1   -1    1   -1   -1   -1   -1   -1   -1    1    1    1    1   -1    1   -1   -1   -1    1    1    1   -1   -1   -1   -1    1    1    1    1    1    1   -1    1    1   -1   -1    1   -1    1    1    1    1   -1    1    1    1   -1
    1   -1   -1   -1   -1   -1   -1    1    1    1   -1    1   -1   -1   -1   -1    1   -1    1   -1   -1   -1    1    1   -1   -1   -1   -1   -1   -1    1   -1   -1    1    1    1   -1   -1   -1    1    1    1   -1    1   -1   -1   -1   -1    1    1   -1   -1    1    1    1   -1    1   -1    1    1    1    1   -1    1    1   -1    1    1    1    1   -1   -1    1    1    1    1    1    1   -1   -1   -1   -1   -1    1   -1   -1   -1   -1   -1   -1   -1    1   -1    1   -1    1   -1    1   -1   -1
   -1   -1   -1   -1    1    1   -1    1    1   -1   -1    1   -1   -1    1    1   -1   -1    1    1   -1   -1   -1   -1   -1    1    1    1   -1   -1   -1    1    1    1    1   -1   -1    1   -1   -1    1    1   -1    1   -1   -1    1    1    1   -1   -1   -1   -1    1    1    1   -1    1   -1   -1   -1   -1   -1    1    1    1    1   -1   -1    1   -1    1    1    1   -1   -1   -1    1   -1   -1   -1   -1    1   -1   -1    1   -1   -1    1    1   -1   -1    1    1   -1    1   -1    1    1   -1
    1   -1    1   -1    1   -1    1    1   -1    1   -1   -1    1   -1    1   -1   -1    1   -1   -1    1    1    1   -1   -1    1    1   -1   -1    1    1   -1    1   -1    1   -1    1   -1    1    1    1    1   -1   -1   -1    1   -1    1   -1    1    1   -1   -1    1   -1    1   -1   -1   -1   -1   -1    1    1    1    1   -1   -1   -1   -1   -1    1   -1    1    1   -1   -1   -1    1    1   -1    1    1   -1   -1   -1    1   -1    1    1   -1    1    1    1    1    1   -1    1    1   -1   -1
   -1    1   -1    1    1    1   -1    1    1    1   -1    1   -1    1   -1    1    1    1   -1    1    1    1    1   -1   -1    1    1    1    1    1    1   -1   -1    1    1   -1    1    1    1   -1    1   -1   -1   -1    1    1   -1   -1   -1   -1    1   -1   -1    1    1   -1    1    1    1    1    1    1    1    1   -1   -1   -1   -1   -1    1    1   -1    1   -1   -1   -1    1    1   -1   -1   -1   -1   -1    1    1    1   -1    1    1    1   -1   -1    1    1    1    1   -1   -1    1   -1
   -1    1   -1   -1   -1    1   -1    1    1    1    1    1   -1   -1    1    1   -1    1   -1    1   -1   -1   -1    1    1   -1    1   -1    1   -1   -1   -1   -1    1    1    1   -1   -1    1    1   -1    1    1   -1   -1   -1    1    1    1   -1   -1   -1   -1    1    1   -1    1   -1   -1    1    1    1   -1   -1   -1    1   -1   -1   -1    1    1    1   -1   -1    1    1   -1    1   -1    1   -1    1    1   -1    1    1   -1    1    1    1    1   -1    1   -1    1   -1    1    1   -1   -1
    1    1   -1   -1   -1    1    1    1    1    1    1   -1   -1    1    1   -1   -1   -1    1   -1    1   -1    1   -1    1    1    1   -1   -1    1   -1    1   -1   -1    1    1   -1   -1   -1   -1    1   -1   -1    1   -1   -1   -1   -1    1    1   -1    1   -1    1    1   -1   -1    1    1   -1   -1   -1    1   -1   -1    1    1   -1   -1   -1    1   -1   -1   -1    1   -1   -1   -1   -1    1    1   -1   -1    1   -1    1   -1    1    1    1   -1    1   -1    1    1   -1   -1    1   -1    1
    1   -1    1    1    1    1   -1    1    1    1    1    1    1    1    1    1   -1   -1    1   -1    1   -1    1    1    1    1    1   -1    1   -1    1   -1   -1    1    1    1    1   -1   -1   -1    1   -1    1   -1   -1    1   -1    1    1    1    1    1    1   -1   -1    1   -1    1   -1   -1    1   -1   -1   -1    1    1   -1    1   -1    1    1    1   -1    1    1   -1    1   -1    1   -1    1   -1   -1    1   -1   -1   -1    1    1   -1    1    1    1    1    1    1    1    1    1    1
    1   -1    1    1    1    1    1   -1   -1   -1   -1   -1    1    1    1    1    1    1   -1   -1   -1   -1    1    1   -1   -1   -1    1    1    1    1   -1    1    1   -1   -1    1    1   -1    1   -1    1    1   -1   -1   -1   -1    1   -1    1    1   -1   -1   -1    1   -1   -1    1    1    1   -1   -1    1    1   -1   -1    1   -1    1   -1    1   -1    1   -1    1    1   -1    1    1   -1   -1   -1    1   -1    1    1    1   -1    1    1    1   -1    1   -1    1   -1    1    1    1    1
    1    1   -1    1   -1   -1    1   -1    1    1   -1    1   -1    1    1    1    1   -1   -1    1    1    1   -1    1    1   -1    1   -1    1    1   -1   -1   -1    1    1    1    1   -1   -1   -1   -1   -1    1   -1   -1   -1   -1    1   -1    1    1    1   -1    1    1   -1    1   -1   -1   -1   -1   -1    1   -1    1   -1   -1   -1    1    1    1   -1    1   -1    1    1    1   -1    1   -1   -1   -1    1   -1   -1   -1   -1    1   -1    1   -1   -1    1    1   -1   -1    1    1    1   -1
   -1   -1   -1   -1    1   -1    1   -1    1    1   -1   -1    1    1    1    1   -1   -1    1    1   -1   -1    1   -1    1   -1   -1    1    1   -1    1   -1   -1   -1    1   -1   -1   -1    1    1   -1   -1   -1   -1    1    1   -1   -1    1   -1    1   -1    1   -1   -1    1    1    1   -1   -1    1    1    1    1    1    1    1    1    1   -1   -1   -1   -1    1    1    1   -1    1   -1    1    1   -1    1    1   -1   -1    1    1   -1   -1    1    1    1   -1    1   -1    1   -1    1   -1
   -1    1   -1   -1   -1   -1   -1   -1   -1    1   -1   -1    1   -1    1   -1    1   -1    1    1   -1   -1    1   -1   -1    1    1    1   -1    1    1    1   -1   -1   -1   -1    1    1   -1   -1   -1   -1    1   -1   -1   -1   -1   -1   -1    1    1    1    1    1   -1   -1   -1   -1    1    1    1    1    1   -1    1   -1   -1   -1   -1    1    1    1    1   -1   -1    1    1   -1   -1    1    1   -1   -1   -1    1    1    1   -1   -1   -1   -1   -1    1   -1    1    1   -1    1   -1    1
   -1   -1    1   -1   -1    1    1   -1   -1   -1    1   -1    1    1   -1    1    1    1    1    1    1   -1    1    1    1   -1   -1    1   -1    1    1    1   -1    1   -1    1    1    1   -1   -1    1    1    1   -1   -1   -1   -1    1   -1    1   -1   -1    1   -1    1    1    1   -1   -1    1   -1    1   -1    1   -1   -1   -1   -1   -1   -1    1    1    1    1   -1    1    1    1    1   -1    1    1    1    1   -1    1   -1   -1    1    1   -1   -1    1    1    1   -1    1    1   -1    1
   -1    1    1    1   -1   -1    1   -1   -1    1   -1   -1   -1   -1   -1   -1   -1    1    1    1   -1    1    1   -1   -1   -1    1   -1   -1   -1    1    1    1    1   -1    1   -1    1   -1    1    1    1   -1    1   -1    1   -1   -1    1   -1   -1    1    1    1   -1    1    1    1    1    1    1   -1   -1    1    1    1   -1   -1   -1   -1   -1   -1    1    1   -1   -1   -1   -1   -1    1   -1   -1    1    1    1    1    1   -1    1   -1   -1    1   -1   -1   -1    1   -1   -1    1    1
   -1    1    1   -1    1   -1    1    1    1   -1   -1    1   -1   -1   -1    1    1   -1   -1   -1   -1   -1   -1   -1   -1   -1   -1    1   -1    1   -1   -1   -1   -1    1    1    1    1   -1   -1    1   -1    1    1    1    1   -1   -1   -1   -1    1    1   -1   -1   -1   -1   -1   -1   -1   -1   -1   -1    1    1   -1    1    1    1    1    1    1   -1   -1    1    1    1   -1   -1   -1   -1   -1   -1    1    1   -1    1   -1   -1   -1   -1    1   -1    1   -1   -1    1    1   -1    1    1
    1   -1   -1    1   -1    1   -1    1    1    1    1   -1    1    1   -1    1    1   -1    1   -1    1    1   -1   -1    1    1   -1    1   -1    1    1   -1   -1    1   -1   -1   -1   -1    1    1    1    1   -1   -1    1   -1    1    1   -1    1    1    1    1    1    1    1   -1   -1    1    1    1    1    1   -1    1   -1   -1    1   -1   -1   -1    1    1   -1    1   -1   -1    1    1   -1    1    1   -1   -1    1   -1   -1   -1   -1    1   -1    1    1    1   -1    1    1   -1    1    1
   -1   -1    1    1    1   -1   -1    1    1   -1   -1   -1   -1    1    1   -1    1    1    1   -1   -1   -1    1    1   -1    1    1    1    1    1   -1    1    1   -1   -1   -1    1   -1   -1   -1   -1    1    1    1    1   -1    1   -1   -1   -1   -1   -1   -1    1    1   -1    1   -1    1    1   -1   -1    1   -1   -1   -1   -1   -1   -1   -1    1    1   -1    1   -1   -1    1   -1   -1   -1   -1    1   -1   -1    1    1   -1    1    1   -1    1   -1   -1   -1   -1   -1    1   -1   -1   -1
   -1   -1    1   -1   -1    1   -1   -1    1    1   -1    1   -1    1   -1    1    1   -1   -1   -1   -1    1    1    1   -1   -1    1    1   -1   -1    1    1   -1    1    1    1   -1   -1    1   -1    1    1   -1    1    1   -1   -1    1    1   -1    1   -1   -1    1   -1   -1    1    1   -1    1   -1    1   -1    1    1   -1   -1    1   -1    1   -1    1   -1    1    1    1    1    1   -1    1   -1   -1   -1    1    1    1    1    1   -1   -1   -1   -1   -1    1    1    1    1    1   -1   -1
   -1    1    1   -1   -1   -1   -1   -1   -1    1    1    1   -1   -1    1    1   -1   -1    1    1   -1    1    1   -1   -1    1    1    1   -1    1    1    1    1   -1   -1   -1    1    1    1   -1   -1   -1   -1   -1   -1    1    1    1    1   -1    1   -1   -1    1   -1    1    1    1   -1   -1   -1    1    1   -1    1    1    1   -1    1    1    1    1   -1    1   -1   -1   -1   -1   -1    1   -1   -1   -1   -1    1    1   -1   -1    1   -1   -1   -1   -1    1    1    1    1   -1   -1   -1
   -1    1    1    1    1   -1    1    1    1   -1    1   -1   -1   -1   -1   -1    1   -1    1   -1    1    1    1    1    1   -1   -1   -1    1   -1    1   -1    1   -1   -1   -1    1   -1    1   -1    1    1   -1   -1   -1   -1    1    1    1   -1    1   -1    1   -1    1    1   -1   -1   -1    1   -1    1   -1   -1    1    1    1   -1    1   -1    1    1   -1    1    1   -1   -1    1    1    1   -1   -1   -1   -1    1   -1    1   -1   -1   -1   -1    1    1    1   -1    1   -1    1   -1   -1
    1    1    1   -1   -1    1   -1   -1   -1    1    1    1   -1    1   -1    1    1    1   -1    1    1    1   -1    1   -1   -1    1    1    1    1   -1   -1    1    1    1   -1   -1    1   -1    1    1   -1    1   -1    1    1    1    1   -1   -1   -1    1   -1   -1   -1   -1    1   -1   -1    1   -1    1    1   -1   -1    1   -1   -1    1    1   -1    1   -1   -1    1    1   -1   -1   -1   -1   -1   -1    1   -1    1    1    1   -1    1    1   -1   -1    1   -1   -1    1    1   -1   -1   -1
   -1   -1    1    1    1   -1   -1   -1    1   -1   -1   -1   -1    1   -1    1    1   -1    1    1    1    1   -1    1    1   -1   -1    1    1    1    1    1   -1    1   -1   -1   -1    1   -1    1   -1   -1   -1    1   -1    1   -1    1   -1   -1   -1    1   -1    1    1   -1    1    1    1    1   -1    1   -1    1   -1   -1    1    1   -1    1   -1   -1   -1    1   -1   -1   -1    1    1   -1   -1    1    1   -1    1   -1    1    1   -1   -1   -1    1   -1    1    1   -1    1   -1   -1   -1
   -1   -1    1    1   -1   -1    1    1   -1    1   -1   -1    1   -1   -1   -1    1    1   -1   -1   -1    1   -1   -1    1   -1   -1   -1   -1   -1    1    1    1    1    1   -1   -1    1    1    1   -1    1    1   -1   -1   -1   -1    1   -1   -1    1    1   -1   -1   -1    1    1   -1   -1   -1   -1   -1   -1   -1    1   -1    1    1    1    1    1    1   -1   -1    1   -1   -1    1    1   -1    1   -1    1   -1   -1   -1    1   -1   -1    1   -1    1   -1    1    1   -1   -1    1   -1   -1
    1   -1    1   -1    1   -1    1   -1    1   -1   -1   -1   -1    1   -1    1    1   -1    1    1    1   -1   -1   -1    1   -1   -1    1   -1    1    1   -1    1    1    1   -1   -1   -1   -1   -1   -1    1   -1   -1    1   -1   -1    1   -1   -1   -1   -1    1    1   -1   -1    1   -1    1   -1   -1    1   -1    1   -1    1   -1   -1   -1    1    1    1    1   -1   -1    1   -1    1    1   -1    1    1   -1   -1   -1    1   -1   -1    1   -1   -1   -1   -1    1    1    1    1   -1   -1   -1
   -1   -1   -1    1   -1    1   -1    1    1   -1   -1    1   -1   -1    1   -1    1    1   -1    1   -1    1    1    1   -1    1    1   -1   -1    1   -1    1   -1   -1   -1   -1   -1    1    1   -1   -1   -1    1   -1   -1   -1   -1    1    1   -1   -1    1    1    1   -1    1   -1    1   -1   -1   -1   -1    1    1   -1   -1    1    1    1    1   -1   -1    1    1   -1    1    1    1    1   -1   -1    1    1   -1   -1   -1    1    1   -1    1    1   -1   -1   -1    1   -1   -1   -1    1   -1
   -1   -1   -1   -1    1    1    1    1    1   -1   -1    1    1    1   -1    1    1   -1    1    1   -1   -1    1   -1   -1   -1   -1    1    1   -1    1   -1   -1   -1    1    1   -1   -1    1    1   -1   -1    1   -1    1    1   -1   -1    1   -1   -1    1    1   -1   -1    1    1   -1   -1    1   -1    1   -1   -1    1   -1   -1   -1    1   -1    1   -1   -1    1    1    1    1   -1    1    1    1    1    1   -1   -1    1    1    1   -1    1   -1    1   -1    1   -1   -1    1    1   -1    1
   -1    1    1    1   -1   -1    1   -1   -1    1    1    1   -1    1   -1   -1    1    1   -1    1   -1    1    1   -1    1    1   -1    1    1    1    1   -1   -1   -1   -1   -1    1   -1    1   -1    1   -1    1   -1   -1   -1   -1    1    1    1   -1    1   -1   -1   -1    1   -1    1   -1    1   -1    1   -1   -1   -1    1    1    1    1    1    1   -1   -1   -1    1    1    1   -1    1    1   -1    1   -1   -1    1   -1   -1   -1    1   -1   -1    1    1    1    1    1    1    1   -1   -1
    1    1    1   -1   -1    1    1    1    1   -1    1   -1   -1    1    1    1   -1    1   -1   -1    1    1   -1   -1   -1    1   -1   -1   -1    1   -1   -1    1    1    1   -1    1   -1    1    1    1    1   -1   -1   -1    1    1   -1   -1    1   -1   -1   -1    1   -1   -1   -1    1   -1    1    1    1   -1    1    1    1    1   -1    1   -1    1    1    1    1   -1    1   -1   -1   -1   -1    1   -1   -1   -1    1    1    1    1    1   -1    1   -1   -1   -1   -1   -1    1    1   -1   -1
    1    1    1    1    1   -1   -1    1   -1    1    1    1   -1   -1   -1   -1   -1    1   -1   -1   -1   -1    1    1   -1    1    1    1   -1   -1   -1   -1   -1   -1   -1    1   -1   -1   -1    1    1    1    1    1   -1    1    1    1   -1    1    1    1    1   -1   -1    1   -1   -1    1    1    1   -1   -1   -1   -1    1   -1    1   -1   -1    1   -1   -1   -1    1   -1   -1   -1   -1    1    1    1   -1    1   -1   -1   -1   -1    1    1   -1    1   -1    1   -1    1    1   -1    1   -1
   -1    1   -1   -1    1    1   -1    1   -1   -1   -1   -1   -1   -1   -1    1   -1    1    1    1    1   -1    1    1    1    1    1   -1    1    1   -1    1   -1    1   -1   -1    1    1    1    1   -1    1    1    1   -1   -1   -1    1    1    1   -1    1   -1    1   -1    1    1    1    1   -1   -1    1   -1    1    1   -1    1    1    1   -1   -1    1    1   -1    1   -1   -1   -1   -1    1    1   -1   -1    1   -1   -1   -1   -1    1    1   -1    1    1   -1    1   -1    1   -1    1    1
   -1   -1   -1   -1   -1    1   -1    1    1   -1   -1    1   -1    1   -1   -1    1    1   -1    1    1   -1    1   -1    1   -1    1    1    1    1   -1   -1    1    1    1   -1   -1   -1    1   -1    1    1   -1   -1    1    1   -1    1   -1    1   -1   -1   -1    1   -1   -1   -1    1    1    1   -1    1    1   -1   -1   -1    1   -1    1    1   -1   -1    1    1    1    1    1   -1   -1    1   -1   -1   -1    1   -1   -1   -1   -1    1   -1   -1    1   -1   -1    1    1    1   -1    1   -1
    1   -1    1    1    1   -1    1   -1   -1   -1   -1    1    1   -1   -1   -1    1   -1   -1   -1   -1    1    1   -1   -1    1    1   -1   -1    1   -1   -1   -1   -1   -1   -1    1   -1   -1   -1    1   -1    1   -1    1    1    1   -1   -1   -1   -1    1   -1    1   -1    1   -1   -1    1    1    1    1    1   -1   -1   -1    1    1   -1   -1    1    1   -1   -1    1    1   -1   -1   -1    1    1   -1   -1    1   -1   -1    1    1    1    1    1   -1    1    1    1   -1    1    1   -1    1
   -1    1    1    1    1    1   -1    1    1    1    1   -1    1   -1   -1    1    1    1   -1    1    1    1    1   -1    1   -1    1    1    1   -1    1    1   -1   -1    1   -1   -1    1    1    1    1   -1    1   -1   -1    1   -1    1   -1   -1   -1   -1   -1    1   -1    1    1    1    1   -1    1    1   -1    1    1    1    1    1    1    1    1   -1   -1    1   -1   -1    1   -1   -1    1   -1    1   -1    1   -1   -1    1    1    1   -1    1    1    1    1   -1    1    1    1   -1    1
   -1   -1    1   -1    1    1    1   -1    1   -1   -1   -1    1   -1   -1   -1    1    1   -1    1   -1   -1   -1    1    1   -1    1   -1   -1   -1    1   -1    1   -1    1    1    1   -1   -1    1    1   -1   -1    1   -1    1    1   -1    1   -1    1   -1   -1   -1    1   -1   -1    1    1    1   -1    1    1    1   -1   -1    1   -1    1    1    1    1   -1   -1    1   -1    1    1   -1   -1   -1   -1    1    1   -1    1    1   -1   -1    1   -1   -1    1   -1   -1   -1   -1   -1   -1    1
    1   -1   -1   -1    1   -1   -1    1   -1    1    1   -1   -1   -1   -1   -1    1    1    1   -1    1    1   -1   -1   -1    1   -1    1   -1   -1   -1    1    1   -1    1   -1    1   -1   -1    1   -1    1   -1    1   -1   -1   -1    1   -1    1    1   -1    1   -1    1    1    1   -1    1    1    1    1   -1    1   -1    1   -1    1    1    1   -1    1   -1   -1   -1   -1    1   -1    1    1    1    1   -1    1   -1   -1    1   -1   -1    1    1   -1    1   -1   -1   -1   -1   -1   -1    1
   -1    1    1    1    1    1    1   -1    1    1    1   -1   -1   -1    1   -1    1    1    1   -1    1    1   -1   -1   -1    1    1    1   -1    1    1    1    1   -1   -1   -1    1   -1   -1    1   -1   -1   -1    1   -1    1    1    1   -1   -1   -1   -1    1    1   -1    1    1    1   -1   -1   -1   -1    1   -1    1    1   -1   -1   -1   -1    1   -1    1   -1   -1    1   -1   -1    1   -1   -1   -1   -1   -1   -1    1    1   -1   -1   -1    1    1    1   -1   -1    1    1    1    1   -1
   -1   -1    1    1    1    1    1    1   -1   -1    1    1   -1    1    1    1    1    1    1   -1   -1   -1    1   -1    1   -1    1   -1   -1   -1    1   -1    1    1    1    1   -1   -1    1   -1   -1    1   -1   -1   -1    1    1    1   -1   -1    1   -1   -1    1    1   -1   -1    1    1   -1    1   -1    1   -1    1    1   -1    1   -1   -1    1    1   -1    1   -1    1    1    1   -1    1   -1   -1   -1    1   -1   -1    1   -1   -1   -1    1   -1   -1   -1    1   -1    1    1    1   -1
   -1    1   -1   -1   -1    1    1   -1   -1    1    1    1   -1   -1   -1    1   -1    1   -1   -1   -1    1    1    1   -1    1    1    1    1    1   -1    1    1    1    1   -1    1   -1    1    1    1    1    1    1    1   -1   -1    1   -1    1   -1    1    1    1   -1   -1    1   -1   -1    1    1   -1   -1    1    1   -1   -1   -1    1    1   -1    1   -1    1   -1   -1    1   -1   -1    1   -1   -1    1    1    1   -1   -1    1    1    1    1   -1    1    1   -1    1   -1    1    1    1
    1   -1    1    1    1    1   -1    1    1    1   -1    1    1    1   -1    1    1   -1   -1   -1   -1    1   -1   -1   -1    1   -1   -1   -1   -1    1   -1    1    1   -1   -1   -1    1    1    1    1    1    1    1    1   -1   -1    1    1    1    1   -1   -1    1    1   -1   -1   -1   -1   -1   -1    1   -1    1    1    1   -1   -1    1   -1   -1    1    1    1   -1    1   -1    1    1    1    1   -1   -1    1    1   -1   -1    1    1   -1   -1   -1    1    1   -1   -1    1   -1   -1    1
    1   -1    1   -1   -1    1    1   -1   -1   -1   -1    1    1    1    1    1    1   -1   -1    1    1    1    1    1   -1    1   -1    1    1    1    1   -1    1    1   -1   -1   -1   -1   -1    1   -1   -1    1   -1   -1    1    1   -1   -1    1    1    1    1   -1   -1    1    1   -1   -1    1    1   -1    1   -1    1   -1    1    1   -1    1    1   -1    1   -1    1   -1   -1    1    1    1    1   -1    1    1   -1    1   -1    1   -1   -1    1    1   -1    1   -1    1    1    1   -1   -1
    1    1   -1   -1   -1    1    1   -1    1   -1    1    1    1   -1    1   -1    1   -1   -1   -1    1    1    1   -1   -1    1    1   -1    1   -1   -1    1   -1    1   -1    1    1   -1    1   -1    1    1    1   -1    1    1    1   -1    1    1    1    1   -1   -1    1    1    1    1   -1    1   -1   -1    1    1    1   -1   -1   -1    1   -1   -1    1    1   -1    1    1   -1    1   -1    1    1    1    1   -1    1    1   -1    1    1   -1   -1   -1    1    1    1    1    1    1   -1    1
    1    1    1    1    1    1    1   -1    1   -1    1   -1   -1   -1   -1    1    1   -1   -1   -1   -1   -1    1   -1    1   -1   -1    1    1   -1    1    1   -1   -1    1   -1    1   -1    1    1    1   -1   -1    1    1   -1    1    1    1    1   -1    1   -1   -1    1   -1    1    1    1   -1    1    1    1    1   -1   -1    1   -1    1   -1    1   -1    1   -1    1   -1   -1    1    1    1   -1    1   -1   -1   -1    1   -1    1    1    1   -1    1    1    1   -1   -1    1    1   -1    1
    1   -1   -1   -1   -1    1    1   -1    1    1   -1    1    1   -1   -1    1   -1    1   -1   -1    1    1   -1   -1   -1    1    1   -1   -1   -1   -1   -1   -1   -1    1   -1    1    1    1    1    1   -1    1   -1    1    1    1    1   -1    1    1    1    1   -1   -1    1   -1    1    1    1   -1    1   -1   -1    1    1   -1   -1   -1   -1    1    1    1    1    1   -1    1    1   -1   -1    1   -1   -1   -1    1   -1   -1   -1   -1   -1    1    1   -1   -1   -1    1    1    1    1   -1
   -1   -1   -1   -1   -1   -1    1   -1    1   -1   -1   -1   -1   -1    1   -1    1    1    1    1   -1   -1    1    1    1    1   -1   -1   -1    1   -1    1   -1   -1    1    1    1    1    1    1    1   -1    1    1   -1   -1    1   -1   -1   -1    1    1   -1   -1   -1   -1    1    1   -1    1    1    1   -1    1   -1    1   -1    1    1    1    1    1    1   -1   -1    1   -1    1   -1    1   -1    1   -1    1    1    1   -1   -1    1   -1    1   -1   -1   -1   -1    1   -1   -1   -1    1
    1   -1   -1   -1   -1    1   -1   -1    1    1   -1    1    1    1    1    1   -1   -1    1    1   -1   -1    1    1   -1    1    1   -1   -1   -1    1    1   -1   -1   -1    1    1    1    1   -1    1    1   -1    1   -1   -1   -1    1   -1   -1    1   -1    1   -1   -1   -1   -1    1    1   -1   -1   -1   -1    1    1    1   -1   -1    1   -1    1   -1    1   -1    1   -1   -1    1    1   -1   -1   -1   -1   -1   -1    1    1    1    1   -1    1   -1    1   -1   -1    1    1    1    1    1
    1    1   -1   -1   -1    1   -1    1   -1   -1   -1   -1    1   -1   -1    1   -1    1   -1   -1    1   -1    1   -1   -1    1   -1    1    1    1    1   -1    1   -1   -1   -1    1    1    1    1   -1   -1   -1    1   -1    1   -1   -1   -1    1   -1    1    1   -1    1   -1    1   -1    1   -1    1    1   -1   -1    1   -1    1    1   -1   -1    1    1   -1   -1   -1   -1    1   -1   -1   -1   -1    1    1    1   -1    1   -1   -1   -1   -1   -1   -1   -1   -1   -1   -1   -1   -1    1    1
   -1    1   -1   -1   -1    1    1    1   -1    1    1    1    1    1    1   -1   -1    1   -1   -1    1    1   -1   -1   -1    1   -1    1    1    1   -1   -1   -1    1    1    1    1    1   -1   -1   -1    1    1    1    1   -1    1    1   -1    1   -1    1   -1   -1    1    1    1    1   -1   -1    1   -1    1    1    1   -1   -1   -1   -1   -1   -1   -1   -1   -1    1   -1    1   -1    1    1    1   -1   -1    1    1   -1    1   -1    1    1    1    1    1   -1   -1    1   -1   -1   -1   -1
    1    1    1    1    1    1    1    1   -1   -1   -1   -1   -1    1   -1   -1   -1    1   -1    1   -1   -1    1   -1    1    1    1   -1    1   -1   -1   -1    1    1   -1   -1   -1   -1   -1   -1   -1   -1   -1    1   -1    1    1    1   -1    1   -1    1    1   -1   -1   -1   -1   -1    1   -1    1   -1    1    1    1   -1   -1   -1   -1   -1   -1    1    1    1    1    1    1    1   -1   -1   -1    1   -1    1    1   -1   -1    1    1   -1    1    1   -1   -1    1    1    1    1   -1   -1
    1    1    1    1   -1    1   -1   -1    1    1    1   -1   -1   -1   -1    1   -1    1   -1   -1    1    1   -1   -1    1   -1   -1    1    1   -1   -1    1    1   -1   -1   -1    1   -1    1    1   -1   -1   -1    1   -1    1   -1   -1   -1    1   -1    1    1   -1   -1    1   -1   -1   -1    1   -1   -1   -1   -1   -1   -1    1    1    1    1    1   -1   -1   -1    1   -1    1    1    1   -1   -1    1   -1    1   -1   -1   -1    1    1    1    1    1    1   -1    1   -1    1    1   -1    1
    1    1   -1    1    1   -1    1    1   -1   -1    1   -1   -1   -1   -1   -1    1   -1    1    1    1    1    1    1    1   -1   -1    1   -1    1    1   -1    1   -1   -1    1   -1    1    1   -1   -1   -1   -1   -1    1   -1   -1   -1   -1   -1   -1   -1   -1   -1   -1    1   -1    1    1    1   -1   -1   -1   -1   -1    1   -1   -1    1    1    1   -1    1   -1    1    1   -1   -1    1    1   -1   -1    1    1    1    1   -1    1   -1   -1    1   -1   -1   -1   -1    1    1    1    1    1
    1   -1   -1   -1   -1   -1   -1    1    1    1    1    1   -1    1    1   -1   -1    1    1   -1    1   -1   -1    1    1   -1   -1   -1   -1    1   -1   -1   -1   -1   -1   -1   -1   -1   -1   -1   -1   -1    1    1    1    1    1   -1   -1   -1   -1    1   -1   -1    1    1    1    1   -1    1   -1    1   -1   -1    1   -1    1   -1    1   -1    1    1   -1    1   -1   -1    1    1    1   -1    1   -1    1   -1    1   -1    1   -1   -1   -1    1    1    1    1   -1   -1    1   -1    1    1
   -1   -1    1    1   -1    1    1   -1   -1    1   -1    1   -1   -1    1   -1   -1    1   -1    1   -1    1   -1   -1    1    1    1   -1    1    1   -1    1    1   -1    1    1    1    1    1    1    1    1    1   -1   -1    1    1    1    1   -1   -1   -1    1   -1    1    1   -1   -1    1   -1   -1   -1    1   -1   -1    1   -1    1   -1    1   -1    1    1    1   -1   -1    1    1   -1   -1   -1    1    1   -1   -1   -1    1    1    1    1    1    1   -1   -1    1    1   -1   -1   -1   -1
   -1   -1   -1   -1    1   -1    1    1   -1   -1   -1    1    1   -1   -1    1   -1    1   -1   -1   -1   -1   -1    1   -1   -1   -1   -1    1   -1    1    1   -1   -1   -1    1   -1   -1    1    1    1   -1    1    1    1   -1   -1   -1    1    1   -1    1    1    1   -1   -1    1   -1   -1   -1    1   -1   -1    1    1   -1    1   -1    1   -1   -1    1    1   -1    1    1   -1    1   -1   -1   -1    1    1    1   -1    1    1    1   -1    1    1    1    1   -1   -1    1    1   -1   -1   -1
   -1   -1    1   -1    1   -1    1    1    1   -1   -1   -1    1   -1   -1   -1    1    1   -1    1   -1   -1    1    1    1   -1    1    1    1    1   -1    1   -1   -1    1   -1   -1   -1   -1   -1   -1   -1   -1   -1    1    1   -1    1   -1   -1   -1    1   -1   -1    1   -1    1   -1    1   -1    1   -1    1    1   -1   -1    1   -1   -1    1   -1   -1   -1    1   -1    1   -1    1   -1    1   -1    1    1    1    1    1   -1   -1   -1   -1    1    1    1   -1    1   -1    1   -1    1   -1
    1   -1   -1   -1   -1   -1   -1    1   -1   -1    1    1    1    1    1   -1   -1    1   -1    1    1   -1    1   -1    1    1    1    1    1   -1   -1   -1    1   -1    1   -1    1    1   -1    1   -1   -1    1    1    1    1    1   -1    1   -1    1    1   -1    1   -1   -1   -1    1    1    1   -1    1   -1    1    1    1   -1    1    1   -1   -1   -1    1   -1   -1   -1    1   -1    1    1    1   -1   -1    1   -1    1    1   -1    1    1    1    1    1   -1   -1    1    1    1   -1    1
    1    1   -1   -1    1    1   -1   -1   -1    1   -1   -1   -1   -1   -1    1   -1    1   -1   -1   -1   -1   -1   -1   -1   -1   -1    1   -1    1   -1   -1    1    1   -1    1    1   -1   -1   -1   -1    1    1   -1    1   -1    1   -1    1    1    1    1   -1   -1    1   -1   -1   -1    1    1   -1   -1    1    1    1    1    1   -1   -1    1    1   -1    1   -1    1   -1    1    1    1    1   -1   -1   -1   -1   -1   -1   -1   -1   -1    1   -1    1   -1    1   -1   -1    1    1   -1    1
   -1   -1    1   -1   -1    1    1   -1   -1   -1   -1    1   -1   -1    1    1    1   -1    1   -1   -1   -1   -1   -1    1    1    1    1   -1    1    1    1    1    1    1   -1   -1   -1    1    1    1   -1    1    1    1   -1   -1    1    1    1   -1    1   -1    1   -1    1   -1   -1    1   -1    1   -1   -1    1   -1   -1    1    1    1    1   -1    1    1    1    1    1    1    1   -1    1    1   -1   -1    1   -1    1   -1    1    1   -1   -1    1    1   -1    1   -1   -1    1    1    1
    1   -1   -1    1    1    1    1    1    1    1   -1   -1    1    1   -1    1    1    1   -1   -1    1   -1    1   -1    1    1    1    1   -1   -1    1    1    1    1   -1    1    1   -1    1   -1    1   -1   -1   -1   -1    1    1   -1    1    1   -1   -1    1    1   -1    1    1    1    1    1    1    1    1   -1   -1    1   -1    1   -1   -1    1   -1    1    1   -1    1    1    1    1   -1   -1    1   -1    1   -1    1    1   -1    1   -1   -1    1   -1   -1   -1    1    1   -1   -1   -1
    1    1    1    1    1    1    1   -1   -1   -1    1    1    1   -1   -1   -1    1   -1   -1   -1    1   -1    1    1   -1   -1   -1   -1   -1   -1    1    1    1   -1   -1   -1    1   -1   -1    1   -1   -1    1    1   -1   -1    1   -1    1   -1   -1    1   -1   -1    1   -1   -1   -1   -1   -1   -1   -1    1    1   -1   -1    1    1   -1   -1   -1    1   -1   -1    1   -1   -1   -1    1    1   -1   -1   -1    1    1    1    1   -1   -1    1    1    1    1    1   -1   -1    1    1   -1   -1
   -1   -1    1   -1   -1   -1    1   -1    1   -1   -1   -1   -1   -1    1   -1   -1   -1    1    1    1    1   -1   -1    1   -1   -1   -1    1   -1    1   -1   -1   -1   -1   -1    1    1   -1    1   -1    1   -1   -1    1   -1    1   -1   -1    1   -1    1   -1    1    1   -1   -1   -1   -1    1    1   -1   -1   -1   -1   -1    1    1   -1   -1    1    1    1    1   -1   -1   -1    1    1    1    1    1   -1    1    1    1   -1    1    1    1   -1    1    1   -1    1   -1    1    1    1    1
    1   -1    1   -1    1    1    1   -1   -1    1   -1    1    1    1   -1    1   -1   -1    1    1    1    1    1   -1   -1   -1   -1    1   -1   -1   -1   -1   -1   -1   -1    1    1    1    1    1    1   -1    1    1   -1   -1    1    1   -1   -1    1    1    1   -1   -1   -1    1   -1   -1   -1   -1   -1   -1   -1   -1   -1    1   -1    1    1   -1   -1   -1    1    1    1    1    1   -1    1   -1   -1   -1    1   -1   -1   -1   -1    1   -1    1   -1    1    1    1    1   -1   -1    1   -1
   -1    1    1    1    1    1   -1    1    1    1   -1    1    1    1    1    1   -1    1    1   -1   -1    1   -1   -1   -1   -1   -1    1   -1    1    1   -1    1   -1   -1    1   -1    1    1   -1    1    1    1    1   -1   -1   -1   -1    1    1    1   -1   -1    1   -1   -1   -1    1    1   -1   -1    1   -1   -1   -1    1    1    1    1   -1   -1    1    1    1   -1   -1   -1   -1    1   -1    1    1    1    1    1   -1    1    1    1    1    1   -1   -1    1    1    1    1    1   -1   -1
   -1    1    1    1   -1   -1    1   -1   -1    1    1    1    1   -1   -1    1   -1    1    1    1   -1    1   -1   -1    1   -1   -1   -1   -1   -1   -1   -1   -1   -1   -1   -1   -1   -1    1    1    1    1   -1    1   -1    1   -1   -1    1   -1   -1   -1    1    1    1    1   -1    1    1   -1   -1    1   -1   -1    1    1   -1    1   -1   -1   -1    1    1    1   -1    1   -1   -1    1    1    1    1   -1   -1   -1    1    1   -1   -1   -1    1    1   -1   -1   -1    1    1   -1   -1    1
    1   -1   -1   -1    1    1    1   -1    1    1    1   -1   -1   -1    1    1    1    1    1   -1   -1    1   -1   -1   -1   -1    1    1   -1   -1    1    1    1    1   -1   -1   -1   -1    1    1   -1    1    1    1   -1   -1    1    1   -1    1   -1    1   -1    1    1   -1    1    1   -1   -1   -1   -1    1    1    1    1   -1    1    1   -1   -1   -1   -1    1    1    1    1   -1    1   -1    1    1    1   -1    1   -1   -1   -1   -1   -1    1   -1   -1    1    1    1    1    1    1   -1
   -1   -1    1   -1    1   -1    1    1   -1   -1   -1   -1   -1   -1   -1   -1   -1    1    1    1    1    1   -1    1    1    1   -1   -1    1    1    1    1   -1   -1    1   -1   -1   -1   -1   -1    1   -1   -1    1   -1    1   -1   -1   -1   -1    1    1    1   -1    1   -1   -1    1    1   -1    1   -1    1   -1    1   -1   -1    1    1   -1    1   -1   -1    1    1    1    1    1   -1    1   -1   -1   -1    1    1   -1    1    1   -1   -1   -1    1    1    1    1   -1    1    1   -1    1
    1   -1    1   -1   -1    1    1    1   -1    1    1    1    1    1   -1    1    1   -1    1   -1    1   -1    1   -1   -1    1   -1    1    1    1    1   -1   -1   -1    1   -1   -1    1   -1    1    1    1   -1   -1   -1    1   -1   -1   -1   -1    1    1   -1    1   -1    1   -1   -1    1    1   -1   -1   -1   -1   -1    1    1   -1   -1   -1   -1   -1   -1    1   -1   -1    1    1    1   -1    1    1    1    1    1   -1    1   -1   -1    1   -1    1   -1   -1    1    1    1    1    1    1
   -1    1   -1    1   -1   -1    1    1    1   -1   -1   -1   -1   -1   -1    1   -1   -1   -1   -1   -1   -1    1   -1   -1   -1    1   -1   -1    1    1   -1    1    1   -1   -1   -1    1   -1    1   -1   -1    1   -1   -1   -1   -1   -1   -1    1    1   -1   -1   -1   -1    1   -1    1   -1    1   -1   -1    1   -1    1    1    1   -1    1    1   -1   -1    1    1    1    1    1   -1   -1    1   -1   -1   -1    1    1   -1    1    1    1    1   -1    1    1   -1    1    1    1    1   -1   -1
    1    1    1   -1   -1   -1   -1    1    1    1    1    1   -1   -1    1   -1    1   -1   -1   -1   -1    1    1    1   -1   -1    1    1   -1    1    1   -1   -1    1    1   -1    1   -1    1   -1   -1    1    1   -1    1   -1   -1   -1   -1    1    1    1   -1    1    1    1    1    1    1    1    1   -1    1   -1    1   -1    1    1   -1    1   -1   -1    1    1    1   -1   -1   -1   -1    1   -1   -1   -1   -1   -1   -1   -1    1   -1    1   -1   -1   -1   -1    1   -1   -1   -1   -1    1
    1    1   -1    1    1    1    1    1   -1    1    1   -1   -1    1    1    1   -1    1   -1   -1    1   -1   -1    1   -1   -1    1   -1    1   -1    1    1   -1    1   -1   -1   -1   -1   -1    1   -1    1    1    1   -1   -1   -1    1    1   -1    1    1    1   -1    1   -1   -1   -1   -1    1   -1    1    1    1   -1   -1    1   -1    1    1   -1   -1    1   -1    1   -1   -1   -1   -1   -1    1   -1   -1   -1   -1    1   -1    1   -1   -1    1    1    1   -1    1   -1   -1   -1   -1    1
    1   -1   -1   -1   -1   -1   -1   -1   -1    1   -1   -1   -1    1   -1    1    1   -1   -1    1   -1   -1    1   -1    1   -1   -1   -1   -1   -1   -1    1    1   -1   -1    1    1    1   -1   -1    1    1   -1   -1    1    1   -1   -1   -1    1    1    1    1   -1    1   -1   -1   -1    1    1    1    1    1    1   -1   -1   -1    1    1   -1   -1   -1    1   -1    1   -1   -1    1   -1   -1    1   -1   -1    1   -1   -1    1    1   -1   -1   -1   -1    1   -1   -1    1   -1    1   -1    1
    1    1    1    1   -1   -1    1    1   -1   -1    1    1    1    1    1   -1    1   -1   -1   -1   -1   -1   -1    1    1   -1    1    1    1    1    1   -1   -1   -1   -1   -1    1   -1   -1   -1   -1   -1    1    1   -1    1    1   -1   -1    1    1    1    1    1   -1    1   -1    1   -1    1   -1   -1   -1   -1    1    1    1   -1    1    1    1    1   -1    1    1    1   -1    1   -1   -1   -1    1   -1   -1   -1    1   -1   -1   -1    1   -1    1   -1   -1    1    1    1   -1   -1    1
   -1   -1    1    1   -1    1   -1   -1   -1    1    1   -1   -1   -1    1   -1    1    1   -1    1    1   -1   -1   -1   -1   -1    1   -1   -1   -1    1    1   -1   -1   -1    1   -1    1    1    1    1    1    1   -1    1   -1   -1   -1    1   -1    1   -1    1    1    1   -1   -1   -1   -1   -1    1   -1    1    1   -1    1   -1    1   -1    1   -1    1    1   -1    1   -1    1    1   -1   -1   -1    1   -1   -1   -1    1    1   -1   -1    1    1   -1   -1   -1   -1    1    1    1    1    1
   -1    1    1   -1    1    1   -1   -1   -1   -1   -1   -1   -1   -1   -1    1    1   -1    1   -1    1    1   -1    1    1   -1    1   -1    1   -1   -1    1   -1   -1    1    1    1    1   -1   -1   -1    1   -1   -1   -1    1   -1   -1   -1   -1    1    1   -1   -1   -1    1    1    1   -1   -1    1    1   -1    1   -1    1   -1   -1   -1   -1    1   -1   -1    1   -1    1    1    1    1   -1   -1    1   -1   -1    1    1    1   -1   -1   -1   -1   -1   -1    1   -1   -1   -1    1   -1   -1
   -1    1   -1    1   -1   -1   -1    1   -1    1   -1    1   -1   -1    1    1    1   -1   -1   -1   -1    1    1    1    1    1   -1   -1    1    1   -1   -1    1    1   -1   -1   -1    1    1    1   -1    1   -1    1    1   -1   -1   -1    1    1    1   -1    1    1   -1   -1    1   -1   -1   -1    1   -1   -1   -1   -1   -1    1   -1   -1   -1    1    1   -1   -1   -1    1    1    1   -1    1    1   -1   -1    1    1   -1   -1   -1   -1    1   -1    1   -1    1   -1    1    1    1    1    1
