# n = 44
        -1.6621       0.868714       0.964438        0.96413            2.1
       -1.65243       0.863203        0.98899        1.04756           2.11
       -1.64221       0.856962        1.03143        1.20505           2.12
       -1.63177       0.850465        1.05889        1.35401           2.13
       -1.62074       0.843046        1.10873        1.63502           2.14
       -1.60977       0.835699        1.13842        1.83397           2.15
       -1.59798       0.827407        1.18302        2.12819           2.16
       -1.58595       0.818415        1.23066        2.47507           2.17
       -1.57349       0.808529        1.27991        2.99812           2.18
       -1.55985       0.796308        1.36418        4.06489           2.19
       -1.54651       0.785091        1.40898        4.69358            2.2
       -1.53193       0.770676        1.47801        6.25713           2.21
       -1.51687        0.75422          1.576          8.535           2.22
       -1.49915        0.72567        1.77961        27.3898           2.23
       -1.48167       0.704568        1.85956        23.4238           2.24
       -1.46448       0.681496        1.89793         24.145           2.25
       -1.45383       0.657865        2.06537         40.658          2.255
       -1.44219       0.629024        2.22397         60.252           2.26
       -1.42969       0.591251        2.35614        89.9332          2.265
       -1.41928        0.56453        2.43357        107.803           2.27
       -1.40603       0.521626        2.45913        129.438          2.275
       -1.39249       0.472651        2.47717        147.623           2.28
       -1.38086       0.434761        2.41228        150.876          2.285
       -1.36972        0.39927        2.32193        154.457           2.29
        -1.3573       0.352356        2.18531        151.263          2.295
       -1.34754       0.324565        2.08834        141.573            2.3
       -1.33821        0.30507        1.98073        129.195          2.305
       -1.32746       0.266671        1.83931        117.161           2.31
       -1.31884       0.240786        1.77012        105.763          2.315
       -1.31052       0.226813        1.67611        95.8296           2.32
       -1.30242       0.210914        1.59508        85.9269          2.325
        -1.2947        0.19667         1.5632        79.1568           2.33
       -1.28769       0.191186        1.52361         71.991          2.335
       -1.27946       0.170241        1.43582        62.3709           2.34
        -1.2725       0.160366        1.38665        54.6239          2.345
        -1.2658       0.153262         1.3756        51.2552           2.35
       -1.25813       0.140332        1.33468        42.9708          2.355
       -1.25191       0.136537        1.29857        41.6631           2.36
       -1.24582       0.132585        1.27893        38.3034          2.365
       -1.23939       0.124244        1.24837          36.37           2.37
       -1.23357       0.122186        1.22185        33.7206          2.375
       -1.22727       0.118897        1.21861        31.2966           2.38
       -1.21571       0.109776        1.16624        27.7023           2.39
       -1.20396       0.101018        1.12613         23.336            2.4
