# n = 46
       -1.72079        9004.15        1.44598       0.738788            2.1
       -1.71437        8972.84        1.46194        0.77472           2.11
       -1.70656        8934.23        1.52436       0.840316           2.12
       -1.69992        8901.29        1.53852       0.882888           2.13
       -1.69006        8850.23        1.58324       0.968541           2.14
       -1.67107        8744.92        1.92388        1.40712           2.15
       -1.67368        8762.48        1.75272        1.17871           2.16
       -1.66655        8722.48        1.75219        1.24468           2.17
       -1.65742        8670.65        1.84679          1.383           2.18
       -1.64947        8624.19        1.82749        1.43648           2.19
       -1.63793        8553.93        1.89845        1.66512            2.2
       -1.60335        8310.96        2.94902        3.97641           2.21
       -1.61853        8428.92        2.10962        2.11737           2.22
       -1.61001        8372.13        2.09129        2.25906           2.23
       -1.59852        8289.61        2.23348        2.75672           2.24
       -1.58888        8222.53        2.19061        2.86498           2.25
       -1.58673        8204.73        2.23411        3.04486           2.25
       -1.53587        7714.57        4.32262        13.9097          2.255
       -1.57516        8111.61        2.40331        3.57211           2.26
        -1.5716           8086        2.30834        3.56839          2.265
       -1.56441        8024.67         2.4206         4.0966           2.27
       -1.55913        7979.19        2.34878         4.1874          2.275
       -1.55117        7915.37        2.42733        4.84854           2.28
       -1.47644         6851.1        6.31563        66.1075          2.285
       -1.53815        7792.69         2.6014        5.61072           2.29
       -1.53377        7753.85        2.50396        5.71715          2.295
       -1.52552        7653.77        2.62945        7.39804            2.3
       -1.51902        7590.39        2.58558        7.86268          2.305
       -1.50931        7439.84        2.74832        18.0682           2.31
       -1.39669        4811.77        8.08493          208.2          2.315
       -1.49315        7225.19        3.01216         20.495           2.32
       -1.48879        7205.95         2.8227        19.2794          2.325
       -1.48152        7115.11        2.85928        17.6937           2.33
       -1.46867        6772.92        3.10693         49.523          2.335
       -1.45921        6645.97        3.19595        49.0736           2.34
       -1.31592        2606.45        4.90953        142.106          2.345
       -1.44033        6325.93        3.37535        53.2001           2.35
       -1.43108        5976.19        3.41946        88.8121          2.355
       -1.42466        5937.35        3.28021        81.3569           2.36
       -1.40688        5273.82        3.51189        125.938          2.365
       -1.39379        4667.68        3.62902        165.737           2.37
       -1.38176        4410.41        3.56043        151.405          2.375
       -1.37254        4112.74        3.39885        150.357           2.38
        -1.3741         4112.9        3.29422        153.162           2.38
       -1.35025        3419.07        3.17806        146.345           2.39
        -1.3259        2585.18        3.14999        115.824            2.4
