# n = 46
       -1.66207       0.868896        0.96128       0.919312            2.1
       -1.65234       0.863201       0.985432        1.01607           2.11
       -1.64247       0.857112        1.02533        1.19063           2.12
       -1.63238       0.851203        1.04997        1.25844           2.13
       -1.62063       0.842893        1.10413        1.65699           2.14
       -1.60932       0.834965        1.15081        1.90739           2.15
       -1.59858       0.828338        1.17656        1.97402           2.16
       -1.58658       0.819226        1.23056        2.45655           2.17
       -1.57292       0.806769        1.30539        3.47799           2.18
       -1.55979        0.79571        1.36292        4.47291           2.19
       -1.54606       0.784211        1.41735        4.69828            2.2
       -1.53265       0.772593        1.46385        5.16122           2.21
       -1.51617       0.752937        1.56899        7.84317           2.22
       -1.49977       0.733671        1.64654        9.83809           2.23
       -1.48136       0.707537        1.80189        13.9729           2.24
       -1.46576       0.689447        1.83244        14.9829           2.25
       -1.46574       0.688796        1.82167          15.46           2.25
       -1.45811       0.679787        1.83585        15.9487          2.255
       -1.44764       0.663254        1.90131        17.9458           2.26
        -1.4398       0.654442        1.91341         18.497          2.265
       -1.42903       0.635567        1.96863        20.5565           2.27
       -1.41723       0.615439        1.98216        22.2579          2.275
       -1.40473        0.58756        2.01456        26.3096           2.28
       -1.39962       0.588746        2.00078        24.5597          2.285
       -1.38818       0.566982        2.00817        26.3926           2.29
       -1.37688       0.546024        2.00326        27.5321          2.295
       -1.36705        0.52436        1.99517         29.534            2.3
       -1.36041       0.518806        1.99332        29.3397          2.305
       -1.34957       0.495442        1.92759        29.9858           2.31
       -1.33849       0.473415        1.90161        30.7399          2.315
       -1.32965       0.459507        1.89772         30.866           2.32
       -1.31967       0.439541        1.81503        30.0536          2.325
       -1.31229       0.428884        1.79541        30.3566           2.33
       -1.30227       0.409478        1.72811        29.4713          2.335
       -1.29325       0.391695        1.67876        29.1025           2.34
       -1.28532       0.378657        1.65169        28.4099          2.345
       -1.27707       0.359647        1.59494        28.0044           2.35
       -1.26727        0.33881        1.53572        26.8659          2.355
        -1.2622       0.339622         1.5272        26.6997           2.36
       -1.25596       0.331811        1.48745        26.0943          2.365
       -1.24735       0.311872        1.42151        24.7822           2.37
       -1.24028       0.302697        1.40623        23.9296          2.375
       -1.23347       0.292307        1.34161        22.2723           2.38
       -1.23254       0.288288        1.34827        22.4018           2.38
       -1.21981       0.270899        1.27469        20.4426           2.39
       -1.20767       0.258085        1.22604        19.0314            2.4
