# n = 44
       -1.66235       0.868929       0.963447       0.942135            2.1
       -1.65232       0.862985       0.994093        1.07429           2.11
       -1.64208       0.856958        1.02027        1.15004           2.12
       -1.63183       0.850282        1.06346        1.42748           2.13
       -1.62134       0.843971        1.09119        1.53763           2.14
       -1.60957       0.835486        1.14125         1.8323           2.15
       -1.59789       0.827093        1.19167        2.20853           2.16
       -1.58621       0.818323        1.23919         2.8155           2.17
       -1.57424       0.809935        1.27056        2.79822           2.18
       -1.56086        0.79901        1.31947        3.15537           2.19
       -1.54566        0.78199        1.45643        5.88776            2.2
       -1.53213       0.771095        1.47266         5.5503           2.21
       -1.51488       0.750424        1.59739         8.2436           2.22
       -1.50116       0.737568         1.6286        8.75233           2.23
        -1.4832        0.71473        1.73327        11.4957           2.24
       -1.46647       0.692853        1.80819        13.6498           2.25
         -1.457       0.676678        1.88906        17.0328          2.255
       -1.44716        0.66484        1.87766        16.8304           2.26
        -1.4364       0.643828        1.97253        21.0002          2.265
         -1.429        0.63725        1.95946        20.0468           2.27
       -1.42161       0.631093        1.91599        19.4344          2.275
       -1.40893       0.603127        1.98059        23.3003           2.28
       -1.39781       0.582506        2.02487        25.3339          2.285
       -1.38843       0.566717        2.00715        26.5814           2.29
       -1.37869       0.549502         2.0063        27.5791          2.295
       -1.36946       0.534003         1.9986        28.3156            2.3
       -1.35655       0.503055        1.97981        30.7874          2.305
       -1.34943       0.498523        1.94966        29.1869           2.31
        -1.3382       0.473889        1.91654        30.2487          2.315
       -1.32844       0.454162        1.86473        30.5967           2.32
        -1.3209       0.442272        1.83374        30.7836          2.325
       -1.31256        0.42837        1.79766        30.1641           2.33
        -1.3011       0.403366        1.74786        30.1779          2.335
       -1.29349       0.393472         1.7124        29.0491           2.34
       -1.28464       0.375677        1.63565        28.3096          2.345
       -1.27741       0.363202        1.60876        28.1803           2.35
       -1.27097       0.356942        1.58979        27.4376          2.355
        -1.2619       0.338847        1.51535        26.0473           2.36
       -1.25387       0.322209        1.46491        25.3876          2.365
       -1.24669       0.311001        1.40021        23.9657           2.37
       -1.23918       0.299698        1.37868         23.215          2.375
       -1.23202       0.286061        1.34351        22.4086           2.38
       -1.21987       0.270068         1.2708        20.6239           2.39
       -1.20774       0.255544        1.21899        19.0425            2.4
