# n = 46
       -1.66201       0.868747       0.958192       0.939512            2.1
       -1.65227       0.862941       0.996615        1.08353           2.11
       -1.64199       0.856672         1.0323        1.23886           2.12
       -1.63165       0.850122        1.06464        1.42914           2.13
       -1.62103       0.843505        1.10183        1.57085           2.14
        -1.6092       0.834642        1.15131        2.00617           2.15
       -1.59816       0.827864        1.17936        2.00836           2.16
       -1.58577       0.818103        1.23786        2.54876           2.17
       -1.57311         0.8076        1.29309        3.24859           2.18
       -1.56037        0.79751        1.33504        3.67452           2.19
       -1.54699       0.786287        1.40583        4.41477            2.2
       -1.53182        0.76939        1.50487        7.60564           2.21
       -1.51624       0.752284        1.60683        8.97938           2.22
       -1.50055       0.732956        1.69417        12.6214           2.23
       -1.48354       0.712477        1.78545        15.2037           2.24
       -1.46323        0.67812        1.95263        23.8051           2.25
       -1.46361       0.677964        1.95192        24.3036           2.25
       -1.45401       0.662436        2.01627        27.9492          2.255
       -1.44428       0.642989        2.07519        33.9722           2.26
       -1.43347       0.623318         2.1349        38.3853          2.265
       -1.42317        0.60073        2.18676        44.1248           2.27
       -1.41157       0.576125        2.18915        47.2457          2.275
       -1.40302       0.563064        2.23361        50.3366           2.28
       -1.38699       0.511994        2.22874        59.3829          2.285
       -1.37986       0.503594        2.21007        59.8025           2.29
       -1.36729       0.471805        2.12517        60.9501          2.295
       -1.35732       0.448723        2.13005        63.3203            2.3
       -1.34626       0.419584        2.03965        61.9173          2.305
       -1.33454       0.385965        1.98001        62.4517           2.31
       -1.32694       0.377926         1.8982        59.6345          2.315
       -1.31644       0.349123        1.80955        57.4683           2.32
        -1.3085       0.335372        1.76949        55.0226          2.325
       -1.29846       0.308886        1.65849        51.8258           2.33
       -1.29171       0.298891        1.63368        49.5578          2.335
       -1.28288       0.277072        1.56798        48.0477           2.34
       -1.27545       0.264891        1.51441        44.3112          2.345
       -1.26866       0.257718         1.4715        41.7884           2.35
       -1.26043       0.239142        1.40875        38.2222          2.355
       -1.25407       0.229788        1.36898        36.8762           2.36
       -1.24719       0.219307        1.34308        34.2591          2.365
       -1.23996       0.208879        1.28196        30.9378           2.37
       -1.23391       0.202184        1.25527        29.5348          2.375
       -1.22849       0.198014        1.22344         27.917           2.38
       -1.22803       0.197821          1.241        28.2609           2.38
       -1.21573       0.181193        1.19096        24.6391           2.39
       -1.20389       0.167928        1.12672        21.6359            2.4
