# n = 44
       -1.66202       0.868688       0.957798       0.940145            2.1
        -1.6521       0.862771       0.999986        1.08759           2.11
       -1.64224       0.856948        1.01864        1.18009           2.12
       -1.63143       0.850009        1.06612        1.40114           2.13
       -1.62083       0.843357        1.10132        1.54603           2.14
        -1.6095       0.835358        1.14689        1.88761           2.15
       -1.59817       0.827608        1.18765        2.15863           2.16
       -1.58607       0.818443        1.23345        2.58829           2.17
       -1.57333       0.808412        1.28409        3.02842           2.18
       -1.56043       0.797865        1.33747        3.54778           2.19
       -1.54632       0.784484        1.41765        4.74555            2.2
       -1.53212       0.771166        1.48431        5.64799           2.21
       -1.51603       0.752384        1.58978        9.18315           2.22
       -1.50045       0.735195        1.66077        10.7304           2.23
       -1.48236       0.708473        1.82362        17.1501           2.24
       -1.46584       0.686729        1.88277        20.5254           2.25
       -1.45183       0.649489        2.11141        36.7125          2.255
       -1.44496       0.646786        2.02814        31.7142           2.26
        -1.4334       0.624254        2.10168        36.1383          2.265
       -1.42241       0.600221        2.17173        42.9286           2.27
        -1.4112       0.574423        2.21453        49.2953          2.275
       -1.40047       0.549764        2.25099        54.2639           2.28
       -1.38888       0.524211        2.21403        56.2116          2.285
       -1.38002         0.5085        2.18588        56.6549           2.29
       -1.36781       0.473846        2.16357        62.5801          2.295
       -1.35827       0.456438        2.11082        59.8649            2.3
       -1.34541       0.415365        2.04438         63.259          2.305
       -1.33677       0.399692        2.00529        62.2056           2.31
       -1.32699       0.376548        1.88515        59.5355          2.315
       -1.31757       0.356079        1.84379        58.6951           2.32
       -1.30729       0.328194        1.76831        55.8518          2.325
       -1.29909       0.313386        1.68884        52.2799           2.33
       -1.29272       0.304216        1.65182        51.4134          2.335
       -1.28314       0.280596        1.56943        47.5741           2.34
       -1.27568       0.265245        1.52081        44.2095          2.345
         -1.268        0.25291        1.47347         42.255           2.35
       -1.26112        0.24243        1.39364         38.051          2.355
       -1.25433       0.232704        1.37958        36.9305           2.36
       -1.24714       0.220261         1.3432        34.6427          2.365
       -1.24114       0.214991        1.29796        32.2606           2.37
         -1.234        0.20312         1.2625        29.5396          2.375
       -1.22762       0.195349        1.23395        28.0908           2.38
       -1.21583       0.181392        1.19134        25.1603           2.39
       -1.20445       0.170665        1.13378        21.9242            2.4
