# n = 150
       -1.69003        5645.24         1.3199        5.93995            2.1
       -1.68334        5634.66        1.47336        1.56832           2.11
       -1.67468        5605.98        1.47632        1.47854           2.12
       -1.66446        5537.82        1.56537        13.3648           2.13
       -1.65555        5524.41        1.57089        5.48742           2.14
       -1.64588        5494.18        1.59123        2.98892           2.15
       -1.63525        5454.22        1.62562        2.32958           2.16
       -1.62518        5410.02        1.75201        2.84968           2.17
       -1.61456        5367.43        1.88575        3.16444           2.18
       -1.60363        5316.44        1.95734         3.8841           2.19
       -1.59157        5251.68        1.96024        7.37428            2.2
       -1.57896        5183.23        2.09581        8.65748           2.21
       -1.56651        5096.51        2.22869        17.3372           2.22
       -1.55386        5060.71        2.24415        5.89512           2.23
       -1.53974        4954.95        2.41048          13.35           2.24
       -1.52524        4880.83        2.47804        8.75884           2.25
       -1.52528        4874.19        2.43854        10.0311           2.25
       -1.52309        4831.91        2.57779        17.6545          2.251
       -1.51331        4789.97        2.46555        11.4613          2.252
       -1.51617        4790.88        2.52617         14.711          2.253
       -1.51732        4792.72        2.89255        15.3816          2.254
       -1.51716        4796.24        2.86678        18.2007          2.255
       -1.51448         4769.3        2.64206        20.6266          2.256
       -1.51468        4803.21        2.58408        10.4427          2.257
       -1.51295        4775.08        2.61796        16.3941          2.258
       -1.51171        4770.33        2.60811        14.8074          2.259
       -1.50939         4762.8        2.73473        11.2768           2.26
       -1.50785        4736.18        2.81251        14.3598          2.261
       -1.50716        4747.27        2.73953        12.6567          2.262
       -1.50304        4689.44        2.65584        16.5703          2.263
       -1.50321        4705.94        2.69522        15.4044          2.264
       -1.50147         4681.8        2.73224        18.2972          2.265
       -1.49985        4679.87        2.70372        14.6998          2.266
       -1.49859        4680.11        2.66859        14.2609          2.267
       -1.49581        4635.14        2.78707        18.5255          2.268
       -1.49329        4597.39        2.77351        19.0358          2.269
       -1.49308        4625.83        2.69536        14.9907           2.27
        -1.4771        4473.93        2.75091        23.0188          2.271
       -1.48524        4541.01        2.69112        22.8184          2.272
       -1.48617        4526.22        3.30154        27.8073          2.273
       -1.48463        4517.97        3.16048        27.3385          2.274
       -1.48147        4476.93        2.93009        27.9772          2.275
       -1.48105         4501.5        2.88956        22.0198          2.276
       -1.47976        4461.42        3.01331        32.3753          2.277
       -1.47839        4456.68        2.95364        28.9203          2.278
       -1.47517        4423.73        3.05517        30.4789          2.279
       -1.47402        4412.34        3.21004        28.9375           2.28
       -1.47087        4367.34        3.09917        32.5456          2.281
       -1.47085        4392.18        2.90376         30.921          2.282
        -1.4678         4345.2        3.03811        32.4104          2.283
       -1.46498        4306.62        2.97372        35.6177          2.284
       -1.46506        4305.13         3.0203        34.9789          2.285
       -1.46281        4287.81        3.05005        39.3911          2.286
       -1.45986        4227.29        3.12067        42.3364          2.287
        -1.4597        4249.81        3.08313        39.0187          2.288
       -1.45718        4222.63        3.10784        39.9442          2.289
       -1.43856        3968.47        3.20855        61.6843           2.29
       -1.44848        4095.65        3.15659        49.9699          2.291
        -1.4516         4103.8        3.67014        53.6939          2.292
       -1.44845        4115.46        3.47507        44.9713          2.293
       -1.44458        3994.69        3.33204        62.4633          2.294
       -1.44359        4017.07        3.29213        57.4998          2.295
       -1.44248        4002.06        3.30378        58.0044          2.296
        -1.4375        3918.31        3.29905        62.9582          2.297
       -1.43729        3908.55        3.43835        65.7314          2.298
        -1.4353        3894.41        3.52549         63.767          2.299
       -1.43362        3884.07        3.38547        65.8554            2.3
       -1.43118        3850.26        3.32956        63.7218          2.301
       -1.42539        3706.75        3.40884        75.6574          2.302
       -1.42851        3852.39        3.27007        59.3533          2.303
       -1.42239        3670.94        3.39526        77.6824          2.304
       -1.42149        3669.31        3.40334        80.2111          2.305
       -1.41835        3619.55         3.3285        79.1119          2.306
       -1.41923        3671.96        3.31894        77.2791          2.307
       -1.41327        3539.84        3.46806        81.8711          2.308
       -1.39137        3149.51        3.46713        102.367          2.309
       -1.40668        3365.93        3.31994        97.1365           2.31
       -1.40926        3399.25        3.80643        92.6648          2.311
        -1.4084        3405.63        3.73812        93.8014          2.312
        -1.4052        3328.96        3.56902        102.838          2.313
        -1.4035        3372.51        3.48929        90.2285          2.314
       -1.40291        3379.58        3.40075        93.0916          2.315
       -1.40006        3331.18        3.41111         92.206          2.316
       -1.39666        3199.52        3.49662        104.018          2.317
       -1.39535        3184.01         3.5996        96.1076          2.318
       -1.39227        3170.06        3.45627        98.6953          2.319
       -1.38835        3085.79        3.40708        103.694           2.32
       -1.38646        3016.26        3.28974        102.814          2.321
       -1.38343        2951.69        3.45081        112.265          2.322
        -1.3849        3107.67        3.31436        90.6654          2.323
       -1.38201        2992.32        3.31862        104.668          2.324
       -1.37862        2917.45        3.24939        102.275          2.325
       -1.37638        2844.05        3.29158        110.561          2.326
       -1.37471        2840.81        3.24261        105.105          2.327
       -1.37732        2792.34        4.92188        131.742          2.328
       -1.37114        2731.43        3.12703        107.309          2.329
       -1.37737        2900.84        3.62737        103.521           2.33
       -1.37445        2805.87         3.5637        106.331          2.331
       -1.37099        2768.94        3.23969        103.298          2.332
       -1.36817        2686.04        3.17016        107.003          2.333
       -1.36896        2777.78        3.18392         99.472          2.334
       -1.36434        2618.44        3.13266        108.517          2.335
       -1.36146        2497.83        3.20702        108.673          2.336
       -1.36237        2605.02        3.34712        108.676          2.337
       -1.35953        2575.47        3.15755        106.807          2.338
       -1.35602        2489.24        2.96735        102.376          2.339
       -1.35423        2437.37        3.04179        104.092           2.34
       -1.35438        2481.68        2.95767        103.059          2.341
       -1.35186        2449.46        3.07967        103.494          2.342
       -1.34808         2339.1        2.93252        101.627          2.343
       -1.34666        2320.51        2.99437        105.789          2.344
       -1.34329        2264.45        2.90734         99.393          2.345
       -1.34394        2306.29        2.86993        101.759          2.346
       -1.37735        2897.76        7.81824        148.322          2.347
       -1.32562        1959.93        2.73498         87.631          2.348
       -1.32974        2033.34        3.27084        94.0144          2.349
       -1.32423        1909.66         3.0474        90.0232           2.35
       -1.32128        1799.31         2.7436        88.4471          2.351
        -1.3214        1863.49        2.76579        88.3152          2.352
       -1.31864        1807.07        2.73176        84.0125          2.353
       -1.32042        1886.89        2.71893        85.1873          2.354
       -1.31728        1838.22        2.83591        86.5188          2.355
       -1.31518         1779.4        2.84986        80.9734          2.356
       -1.31246        1774.42        2.64715        77.2392          2.357
        -1.3136        1861.43        2.63735        79.7097          2.358
       -1.30991        1746.46        2.64411        79.0717          2.359
       -1.30854        1675.84        2.56009        79.2108           2.36
       -1.30822        1730.23        2.59342        75.8503          2.361
       -1.30427        1621.12        2.50119        73.8582          2.362
       -1.30312        1615.03        2.53948        74.6114          2.363
       -1.30198        1630.15         2.5243        72.6258          2.364
       -1.30028        1600.18        2.48713        71.2733          2.365
       -1.29601        1566.49        2.36066        65.7274          2.366
       -1.29923        1603.48        2.94198        70.5049          2.367
       -1.29647        1563.77         2.7414        68.7537          2.368
       -1.29452        1517.59        2.53245        65.2838          2.369
       -1.29235        1460.03        2.46668        64.0096           2.37
       -1.29212         1519.8        2.45595        65.5813          2.371
        -1.2905        1466.84        2.47403        65.8617          2.372
       -1.28754        1355.33        2.51899         55.685          2.373
       -1.28821        1430.67        2.61396        61.6271          2.374
       -1.28428        1414.84        2.42117        62.0446          2.375
       -1.28386        1365.43        2.41639        59.4269          2.376
       -1.28092        1335.55        2.33476        55.8148          2.377
       -1.28216        1416.63        2.33775        59.6059          2.378
       -1.27832        1281.52        2.27002        53.2437          2.379
       -1.27689         1311.4        2.29929        53.3386           2.38
       -1.27839         1325.1        2.31508        53.6923           2.38
       -1.26306        1151.27        2.18766        42.9538           2.39
       -1.25101        1064.29        2.12441        38.2344            2.4
