# n = 44
       -1.66219       0.868943        0.95719       0.921582            2.1
       -1.65226        0.86302       0.999407        1.06755           2.11
       -1.64232        0.85715        1.02665        1.18984           2.12
       -1.63167       0.850099        1.06808        1.42159           2.13
       -1.62113       0.843502        1.10201        1.57609           2.14
       -1.60968       0.835607        1.14227        1.86375           2.15
       -1.59804       0.827219        1.19181        2.23011           2.16
       -1.58597       0.818293        1.23917        2.57366           2.17
       -1.57339       0.808451        1.28564        3.01205           2.18
       -1.56026       0.797269        1.33476        3.61656           2.19
        -1.5464       0.784634        1.41107        4.63309            2.2
       -1.53191       0.770565        1.48062        6.29308           2.21
       -1.51589       0.751711        1.59456        9.11501           2.22
       -1.49964       0.730748        1.70534        14.0135           2.23
       -1.48166       0.703088        1.86822        23.5588           2.24
       -1.46222       0.670707        2.04651        32.3708           2.25
       -1.45297       0.653859        2.05158        37.5694          2.255
       -1.44256       0.633422        2.17767        47.4342           2.26
       -1.43141       0.608679        2.28663        56.0814          2.265
       -1.42132       0.588356        2.27542        62.9442           2.27
       -1.40825       0.548554        2.37668        80.6243          2.275
       -1.39483        0.50441        2.32407        92.9289           2.28
       -1.38592       0.488592        2.33821        94.8928          2.285
       -1.37372       0.449272        2.27759        103.275           2.29
       -1.36143       0.410629        2.19451         103.69          2.295
       -1.34998       0.374094        2.10337        104.405            2.3
       -1.33974       0.347288        2.00423        98.5169          2.305
       -1.33092       0.322917        1.90068        92.6184           2.31
       -1.31976       0.286682        1.78756        85.3314          2.315
       -1.31152       0.271362        1.72887        79.0235           2.32
       -1.30415       0.261092        1.67107        75.5819          2.325
       -1.29584       0.245463          1.614        68.9382           2.33
       -1.28819       0.228339        1.52989        62.4206          2.335
       -1.28131       0.221753        1.52219        60.1815           2.34
       -1.27366       0.209499        1.46545        54.4128          2.345
       -1.26584       0.188103        1.39316          46.56           2.35
       -1.25868        0.17604         1.3364        41.9039          2.355
       -1.25234       0.172165        1.31112        40.4491           2.36
       -1.24643       0.163282        1.28571        37.5176          2.365
       -1.23925       0.156535        1.25253        34.1426           2.37
       -1.23348       0.151475        1.24008        32.6956          2.375
       -1.22682       0.145506        1.20654        29.3604           2.38
       -1.21558       0.135567        1.16819        25.8345           2.39
       -1.20422        0.12725        1.12229        23.2124            2.4
