# n = 46
       -1.68794        5652.75        1.30006       0.949627            2.1
       -1.67943        5623.34        1.33765        1.03254           2.11
       -1.67053        5591.26        1.37958        1.13525           2.12
       -1.66208        5562.41        1.28095        1.11381           2.13
       -1.65213        5524.15        1.48165        1.38704           2.14
        -1.6333        5450.15        1.41753        1.58836           2.15
       -1.63029        5436.19        1.67579        1.88953           2.16
       -1.62128         5399.6        1.71167          2.059           2.17
       -1.61057        5353.51        1.77146        2.49026           2.18
       -1.59979        5306.36        1.60703        2.31765           2.19
       -1.58669        5239.74        1.90014        3.39059            2.2
       -1.56434        5121.19         1.8312        4.47594           2.21
       -1.55946        5090.37        2.18038        5.30082           2.22
       -1.54748        5012.62        2.28816        8.31273           2.23
       -1.53324         4929.8         2.3219        7.89874           2.24
       -1.52035        4845.16        2.12429        9.53851           2.25
       -1.51841        4817.49        2.47977        11.9907           2.25
           -1.5        4692.52        2.37791        12.5318          2.255
       -1.50273        4707.08         2.7136        15.2248           2.26
       -1.49639        4651.04        2.69221        15.0559          2.265
       -1.48785        4570.31        2.68924        18.0271           2.27
       -1.47966        4483.94        2.46417        25.6848          2.275
       -1.46882        4392.76        2.78667        22.2421           2.28
       -1.48061        4466.01         3.0654        34.4809          2.285
        -1.4434        4019.79        3.31358        54.6076           2.29
        -1.4339        3844.96        3.38856        71.8137          2.295
       -1.42363        3724.29        3.26134        71.8028            2.3
       -1.41452        3554.91        3.02519        85.2994          2.305
       -1.39991        3284.72        3.34698        95.6918           2.31
       -1.37361        2865.08        3.21282         102.58          2.315
       -1.37311        2786.33        3.33589        104.888           2.32
       -1.36837        2744.38         3.2424        103.731          2.325
       -1.35531        2456.55        3.11171        109.766           2.33
       -1.35232        2476.71        2.72103        101.658          2.335
       -1.33329        2008.71        2.76468        96.3568           2.34
       -1.31512        1839.37        2.79597        85.1034          2.345
       -1.31453        1712.75        2.64745        79.0709           2.35
       -1.30783         1648.3        2.57319        74.3648          2.355
       -1.29989        1542.63        2.38455        66.2723           2.36
       -1.29606        1534.18        2.19721        68.6263          2.365
       -1.28453        1389.53        2.29773        58.4335           2.37
       -1.27682        1317.61        2.33115        53.0323          2.375
       -1.27151        1260.76        2.26276        50.2583           2.38
       -1.27097        1227.32        2.15884        49.7855           2.38
       -1.26002        1162.68        1.89298         43.746           2.39
       -1.24565        1061.08        2.01877        38.3147            2.4
