# n = 40
  -7.98696        63.8957              1
  -7.97288         63.783          1.075
  -7.95424        63.6339           1.15
  -7.93088         63.447          1.225
  -7.89896        63.1917            1.3
  -7.86088         62.887          1.375
  -7.81472        62.5178           1.45
  -7.75736        62.0589          1.525
  -7.68608        61.4912            1.6
  -7.6096        60.8819          1.675
  -7.52928        60.2394           1.75
  -7.43824        59.5123          1.825
  -7.34352        58.7584            1.9
  -7.23944        57.9398          1.975
  -7.12792        57.0656           2.05
  -7.01536        56.1805          2.125
  -6.89568         55.241            2.2
  -6.77768        54.3187          2.275
  -6.66416        53.4298           2.35
  -6.54312        52.4947          2.425
  -6.41384        51.5027            2.5
  -6.29016         50.553          2.575
  -6.16896        49.6192           2.65
  -6.04544        48.6784          2.725
  -5.92384         47.735            2.8
  -5.80544         46.825          2.875
  -5.68824        45.9283           2.95
  -5.57336        45.0515          3.025
  -5.47216        44.2931            3.1
  -5.3584        43.4458          3.175
  -5.24616        42.6259           3.25
  -5.13848        41.8144          3.325
  -5.04336        41.1187            3.4
  -4.9432        40.3827          3.475
  -4.83136        39.5533           3.55
  -4.73984        38.8787          3.625
  -4.64224        38.1504            3.7
  -4.54256        37.4554          3.775
  -4.45496        36.8262           3.85
  -4.36944        36.2202          3.925
