# n = 1000
  0              0              0
  12              3              1
  12              3              2
  12              3              3
  12              3              4
  12              3              5
  12              3              6
  12              3              7
  12              3              8
  12              3              9
  12              3             10
  12              3             11
  12              3             12
  12              3             13
  12              3             14
  12              3             15
  12              3             16
  12              3             17
  12              3             18
  12              3             19
  12              3             20
  12              3             21
  12              3             22
  12              3             23
  12              3             24
  12              3             25
  12              3             26
  12              3             27
  12              3             28
  12              3             29
  12              3             30
  12              3             31
  12              3             32
  12              3             33
  12              3             34
  12              3             35
  12              3             36
  12              3             37
  12              3             38
  12              3             39
  12              3             40
  12              3             41
  12              3             42
  11.8118        3.72458             43
  12              3             44
  12              3             45
  12              3             46
  12              3             47
  12              3             48
  12              3             49
  12              3             50
  12              3             51
  12              3             52
  12              3             53
  12              3             54
  12              3             55
  12              3             56
  12              3             57
  12              3             58
  12              3             59
  12              3             60
  12              3             61
  12              3             62
  12              3             63
  12              3             64
  12              3             65
  12              3             66
  12              3             67
  12              3             68
  12              3             69
  12              3             70
  12              3             71
  12              3             72
  12              3             73
  12              3             74
  12              3             75
  12              3             76
  12              3             77
  12              3             78
  11.5847         3.0163             79
  12              3             80
  12              3             81
  12              3             82
  12              3             83
  12              3             84
  12              3             85
  12              3             86
  12              3             87
  12              3             88
  12              3             89
  12              3             90
  12              3             91
  12              3             92
  12              3             93
  12              3             94
  12              3             95
  12              3             96
  12              3             97
  12              3             98
  12              3             99
  12              3            100
  12              3            101
  12              3            102
  12              3            103
  11.9227        2.98075            104
  12              3            105
  12              3            106
  12              3            107
  12              3            108
  12              3            109
  12              3            110
  12              3            111
  12              3            112
  12              3            113
  12              3            114
  11.9301        2.98259            115
  12              3            116
  12              3            117
  12              3            118
  12              3            119
  12              3            120
  12              3            121
  12              3            122
  12              3            123
  12              3            124
  12              3            125
  11.8073        2.96786            126
  12              3            127
  12              3            128
  12              3            129
  12              3            130
  12              3            131
  12              3            132
  12              3            133
  12              3            134
  12              3            135
  11.941        2.98528            136
  12              3            137
  11.9418        2.99988            138
  11.8841        3.74986            139
  12              3            140
  12              3            141
  12              3            142
  12              3            143
  12              3            144
  12              3            145
  12              3            146
  11.8904        2.98621            147
  12              3            148
  12              3            149
  12              3            150
  11.8933        2.97341            151
  12              3            152
  12              3            153
  11.8954        3.14505            154
  12              3            155
  12              3            156
  11.9489        2.98725            157
  12              3            158
  12              3            159
  12              3            160
  12              3            161
  12              3            162
  12              3            163
  12              3            164
  12              3            165
  11.9517        2.98794            166
  12              3            167
  12              3            168
  12              3            169
  12              3            170
  12              3            171
  12              3            172
  11.9536        2.98843            173
  12              3            174
  12              3            175
  12              3            176
  12              3            177
  12              3            178
  12              3            179
  12              3            180
  12              3            181
  12              3            182
  12              3            183
  12              3            184
  12              3            185
  12              3            186
  12              3            187
  11.9573        2.99994            188
  12              3            189
  12              3            190
  12              3            191
  12              3            192
  12              3            193
  12              3            194
  12              3            195
  11.9591        3.54641            196
  11.9593        2.98984            197
  12              3            198
  11.9597         3.9601            199
  12              3            200
  11.9601        3.46107            201
  12              3            202
  12              3            203
  12              3            204
  12              3            205
  11.922        3.94823            206
  12              3            207
  12              3            208
  12              3            209
  11.9618        2.99047            210
  12              3            211
  12              3            212
  12              3            213
  12              3            214
  12              3            215
  12              3            216
  12              3            217
  12              3            218
  12              3            219
  12              3            220
  12              3            221
  12              3            222
  12              3            223
  11.9642        2.99107            224
  12              3            225
  12              3            226
  11.8578        3.90728            227
  12              3            228
  12              3            229
  12              3            230
  12              3            231
  12              3            232
  12              3            233
  12              3            234
  12              3            235
  12              3            236
  12              3            237
  11.9663        2.99158            238
  12              3            239
  12              3            240
  12              3            241
  12              3            242
  12              3            243
  12              3            244
  12              3            245
  12              3            246
  12              3            247
  11.9352        2.98383            248
  11.9355        3.68257            249
  11.9679        2.99996            250
  12              3            251
  11.9682        2.99205            252
  12              3            253
  12              3            254
  12              3            255
  11.9373        2.98434            256
  11.9061        3.66611            257
  12              3            258
  12              3            259
  12              3            260
  11.9385        2.99225            261
  12              3            262
  12              3            263
  12              3            264
  12              3            265
  12              3            266
  12              3            267
  12              3            268
  11.9403        2.98512            269
  12              3            270
  12              3            271
  12              3            272
  12              3            273
  12              3            274
  12              3            275
  12              3            276
  11.9711        3.57855            277
  12              3            278
  12              3            279
  12              3            280
  12              3            281
  12              3            282
  12              3            283
  12              3            284
  12              3            285
  12              3            286
  11.9721        2.99303            287
  12              3            288
  11.9165        2.97919            289
  11.9724        3.26077            290
  12              3            291
  12              3            292
  12              3            293
  12              3            294
  12              3            295
  12              3            296
  12              3            297
  11.9731        2.99329            298
  11.9193        2.99977            299
  12              3            300
  11.866        3.91979            301
  12              3            302
  11.9736         2.9934            303
  11.9207        3.94616            304
  12              3            305
  12              3            306
  11.9477        2.99344            307
  12              3            308
  12              3            309
  12              3            310
  12              3            311
  12              3            312
  11.9487        3.96586            313
  12              3            314
  12              3            315
  11.9746        3.29465            316
  12        3.93145            317
  12              3            318
  11.9497        3.60752            319
  11.9498        2.98749            320
  11.9249        3.95828            321
  12              3            322
  11.9254         3.2287            323
  12              3            324
  12              3            325
  12              3            326
  12              3            327
  11.9756         2.9939            328
  11.9512        3.59351            329
  12              3            330
  12              3            331
  12              3            332
  11.9518        3.39028            333
  12              3            334
  12              3            335
  12              3            336
  11.8563        3.92202            337
  11.9763        2.99408            338
  12              3            339
  11.9053        3.56157            340
  12              3            341
  12              3            342
  12              3            343
  12              3            344
  11.9768        3.62492            345
  12              3            346
  11.9769        3.78007            347
  12              3            348
  12              3            349
  12              3            350
  12              3            351
  11.9315         3.1503            352
  12              3            353
  12              3            354
  12              3            355
  12              3            356
  11.9325         2.9943            357
  12              3            358
  12              3            359
  12              3            360
  12              3            361
  12              3            362
  11.9779        2.99449            363
  12              3            364
  12              3            365
  12              3            366
  12              3            367
  12              3            368
  12              3            369
  12              3            370
  11.9568        3.98382            371
  12              3            372
  12              3            373
  11.9786        2.99465            374
  12              3            375
  11.9787        2.99468            376
  12              3            377
  12              3            378
  12              3            379
  12              3            380
  11.9579        3.73163            381
  12              3            382
  12              3            383
  12              3            384
  12              3            385
  12              3            386
  12              3            387
  11.9171        3.96218            388
  12              3            389
  11.9382        3.96876            390
  11.959        2.98974            391
  11.9796        3.97776            392
  11.9387        3.25265            393
  12              3            394
  12              3            395
  12              3            396
  12              3            397
  12              3            398
  11.9598        3.94375            399
  12              3            400
  11.9399        2.98997            401
  12              3            402
  11.9001        2.97506            403
  12              3            404
  12              3            405
  12              3            406
  12              3            407
  12              3            408
  12              3            409
  12              3            410
  12              3            411
  12              3            412
  11.9612        3.53238            413
  11.9807        3.97605            414
  12              3            415
  12              3            416
  12              3            417
  12              3            418
  12              3            419
  11.9809        2.99524            420
  12              3            421
  12              3            422
  12              3            423
  12              3            424
  12              3            425
  11.8865        3.24756            426
  11.9812        2.99531            427
  11.9813        2.99533            428
  12              3            429
  12              3            430
  12              3            431
  12              3            432
  12              3            433
  12              3            434
  11.9075        3.04426            435
  12              3            436
  12              3            437
  12              3            438
  11.9635        2.99995            439
  12              3            440
  11.9818        2.99546            441
  12              3            442
  11.9819        2.99548            443
  11.9276        3.57811            444
  11.982         2.9955            445
  12              3            446
  11.9821        2.99552            447
  12              3            448
  12              3            449
  12              3            450
  12              3            451
  12              3            452
  12              3            453
  11.9647          3.943            454
  11.9294        3.57689            455
  11.9824        3.42598            456
  11.9825        2.99562            457
  11.9825        3.51288            458
  12              3            459
  12              3            460
  12              3            461
  12              3            462
  12              3            463
  12              3            464
  11.9135        2.97842            465
  12              3            466
  12              3            467
  12              3            468
  12              3            469
  12        3.88411            470
  11.966         2.9915            471
  11.983        3.67631            472
  12              3            473
  12              3            474
  12              3            475
  11.9494        3.70414            476
  12              3            477
  11.9496        3.13577            478
  12              3            479
  12              3            480
  12              3            481
  12              3            482
  11.9335        2.98341            483
  11.9835        3.99101            484
  11.9835        2.99588            485
  12              3            486
  11.9671        2.99178            487
  11.8344        3.50836            488
  11.9836        3.74182            489
  11.9509        2.98773            490
  12              3            491
  12              3            492
  11.9838        2.99594            493
  12              3            494
  12              3            495
  11.9839        2.99596            496
  11.9839        2.99597            497
  12              3            498
  12              3            499
  11.8872         3.4814            500
  12              3            501
  12              3            502
  12              3            503
  12              3            504
  11.9523        3.85596            505
  12              3            506
  12              3            507
  12              3            508
  12              3            509
  11.9686        3.58072            510
  12              3            511
  12              3            512
  12              3            513
  12              3            514
  12              3            515
  11.9064        2.97663            516
  12              3            517
  11.9691        3.68271            518
  11.9381        2.98838            519
  12              3            520
  12              3            521
  11.9693        3.86154            522
  11.9847        2.99617            523
  12              3            524
  11.9388        2.98473            525
  12              3            526
  12              3            527
  12              3            528
  12              3            529
  11.9849        2.99622            530
  11.9849        3.18232            531
  12              3            532
  12              3            533
  12              3            534
  12              3            535
  11.9551        3.49391            536
  12              3            537
  11.9553        3.78138            538
  12              3            539
  12              3            540
  11.8658        3.94222            541
  12              3            542
  12              3            543
  11.9853        2.99632            544
  12              3            545
  11.9853        2.99634            546
  12              3            547
  12        3.99615            548
  11.9854        2.99636            549
  11.9854        2.99636            550
  12              3            551
  12              3            552
  11.9419        3.70432            553
  11.9566        3.55796            554
  12              3            555
  11.9712        2.99279            556
  12              3            557
  12              3            558
  12              3            559
  12              3            560
  11.9571        3.38685            561
  12              3            562
  12              3            563
  11.9431        3.34422            564
  11.9858        3.74469            565
  12              3            566
  12              3            567
  11.9859        2.99648            568
  11.9859        2.99648            569
  12              3            570
  11.9719        2.99299            571
  12              3            572
  12              3            573
  12              3            574
  12              3            575
  11.9303        2.98605            576
  11.9861        2.99653            577
  11.9444        2.98956            578
  12              3            579
  11.9446        3.87647            580
  11.9586        3.97447            581
  12              3            582
  11.9863        3.94242            583
  12              3            584
  12              3            585
  12              3            586
  11.959        2.98977            587
  12              3            588
  12              3            589
  11.9864        3.86519            590
  12              3            591
  12              3            592
  11.9865        2.99662            593
  11.9865        3.29347            594
  11.9731        3.89532            595
  12              3            596
  12              3            597
  11.9598        3.54918            598
  11.8789        3.94823            599
  11.9867        2.99667            600
  11.9867        2.99667            601
  11.9734        3.56385            602
  12              3            603
  11.9735        3.88902            604
  11.9868        2.99669            605
  12              3            606
  12              3            607
  12              3            608
  11.9869        2.99672            609
  12              3            610
  12              3            611
  11.9344        3.15753            612
  11.9081        3.91989            613
  12              3            614
  12              3            615
  11.974        3.25278            616
  12        3.99998            617
  12              3            618
  12              3            619
  12              3            620
  12              3            621
  11.9484        2.99033            622
  12              3            623
  12              3            624
  12              3            625
  12              3            626
  11.9872        2.99681            627
  11.9873        3.91261            628
  12              3            629
  11.9873        3.94497            630
  11.9491        3.93464            631
  12              3            632
  12              3            633
  12              3            634
  11.9748        2.99684            635
  11.9874        2.99685            636
  12              3            637
  12              3            638
  12              3            639
  11.9875        2.99687            640
  11.9625        3.26392            641
  12              3            642
  12              3            643
  12              3            644
  11.9876        3.99241            645
  11.9752        2.99689            646
  11.9876        2.99691            647
  12              3            648
  11.9877        2.99692            649
  11.9753           3.74            650
  11.963        2.99384            651
  12              3            652
  12              3            653
  12              3            654
  11.9878        2.99695            655
  12              3            656
  12              3            657
  12              3            658
  11.9635        3.92137            659
  12              3            660
  11.9148        3.76127            661
  12              3            662
  12              3            663
  12              3            664
  12              3            665
  11.988          2.997            666
  11.8792        3.18034            667
  12              3            668
  11.964        3.98247            669
  11.9521        2.99102            670
  12              3            671
  12              3            672
  12              3            673
  11.9881         3.0118            674
  11.9763        3.52015            675
  12              3            676
  12              3            677
  12              3            678
  12              3            679
  12              3            680
  11.9882        2.99706            681
  11.9765        3.06317            682
  11.9648        3.96727            683
  12              3            684
  11.9883        3.79979            685
  12              3            686
  11.9298        2.99118            687
  11.965        3.95896            688
  12              3            689
  11.9301        3.00552            690
  11.8951        3.92173            691
  11.9884        2.99711            692
  11.9537        3.16381            693
  12              3            694
  12              3            695
  11.9539        3.92478            696
  12              3            697
  11.9078        2.98269            698
  12              3            699
  12              3            700
  12              3            701
  11.9657        2.99143            702
  12              3            703
  12              3            704
  11.9773        3.50755            705
  11.9773        2.99715            706
  11.9773        3.13058            707
  12              3            708
  12              3            709
  12              3            710
  12        3.89444            711
  11.9775        3.92302            712
  12              3            713
  12              3            714
  11.9664         2.9916            715
  12              3            716
  11.9888        2.99721            717
  12              3            718
  11.9889        2.99722            719
  11.9777        2.99444            720
  12              3            721
  12              3            722
  11.9667        3.98589            723
  12              3            724
  11.9224         3.9471            725
  12              3            726
  12              3            727
  11.967        3.96426            728
  11.967        3.62749            729
  11.9671        2.99451            730
  11.989        3.88402            731
  12              3            732
  11.9781        2.99454            733
  11.9672        2.99453            734
  11.9891        3.34143            735
  12              3            736
  12              3            737
  12              3            738
  12              3            739
  12              3            740
  12              3            741
  11.9892        3.95033            742
  11.9351        3.11555            743
  11.9352        3.60456            744
  11.9893        3.97661            745
  11.9785        3.88926            746
  11.9247        3.93582            747
  11.9786        2.99732            748
  11.9679        3.65859            749
  11.9893        3.69934            750
  11.968        3.33125            751
  11.9894        3.97403            752
  12              3            753
  12              3            754
  11.9362        2.98935            755
  11.9576        3.85308            756
  12              3            757
  12        3.45809            758
  12              3            759
  12              3            760
  12              3            761
  12              3            762
  11.958        3.77003            763
  11.9685        2.99475            764
  11.9791        3.98661            765
  12              3            766
  12              3            767
  11.9791        3.81782            768
  11.9687        3.96265            769
  11.9688        3.83217            770
  11.9584        3.83624            771
  12              3            772
  11.9896         3.9072            773
  12              3            774
  11.9793        3.90797            775
  12              3            776
  11.9587        2.98969            777
  12              3            778
  12              3            779
  12              3            780
  11.9692        2.99486            781
  11.9693        3.23534            782
  12              3            783
  11.9898        2.99745            784
  11.8974        3.79949            785
  11.9694         2.9949            786
  12              3            787
  11.9491        2.99234            788
  11.9491         2.9873            789
  11.939        3.96984            790
  11.9797        3.84953            791
  11.9899        2.99747            792
  12              3            793
  11.9495         2.9924            794
  12              3            795
  12        3.90449            796
  11.9497        2.98994            797
  11.99        2.99749            798
  12              3            799
  11.99        3.47153            800
  11.99         2.9975            801
  11.99         3.8121            802
  11.98        3.45085            803
  11.9501        2.99251            804
  12              3            805
  12              3            806
  11.9403        3.49844            807
  12              3            808
  11.9603        3.02431            809
  11.9802        3.49006            810
  11.9802        2.99506            811
  11.9605        3.91468            812
  12              3            813
  12              3            814
  11.9803        3.19009            815
  11.941        3.36418            816
  12              3            817
  11.9902        2.99755            818
  12              3            819
  11.9117        3.66591            820
  12              3            821
  11.9903        2.99757            822
  12              3            823
  11.9708        3.16614            824
  12              3            825
  12              3            826
  12              3            827
  12              3            828
  11.9807        2.99517            829
  11.9614        3.74565            830
  12              3            831
  11.9904        3.40163            832
  11.9904         2.9976            833
  12              3            834
  12              3            835
  11.9808        2.99521            836
  12              3            837
  11.9809        2.99523            838
  11.9905        2.99762            839
  11.9809         3.5555            840
  11.9905        3.86361            841
  11.9905        2.99762            842
  11.981        2.99999            843
  11.9715        2.99525            844
  11.9905        2.99763            845
  12              3            846
  12              3            847
  12              3            848
  12              3            849
  12              3            850
  11.9434        3.89828            851
  11.915        2.98582            852
  11.9812        2.99531            853
  11.9247        3.91561            854
  12        3.49598            855
  12              3            856
  11.9719        2.99532            857
  11.9813        2.99534            858
  11.9814        2.99534            859
  11.9814        2.99534            860
  11.9814        3.51387            861
  12              3            862
  11.9442        3.87602            863
  12              3            864
  11.9815        3.69405            865
  11.963        3.88157            866
  12              3            867
  11.9815        3.99309            868
  12              3            869
  11.9908         2.9977            870
  12              3            871
  12              3            872
  12              3            873
  11.9908        2.99771            874
  11.9725        2.99313            875
  11.9634        3.94982            876
  11.9817        2.99544            877
  11.9818        2.99544            878
  11.9544        3.34375            879
  12              3            880
  11.9909        3.26315            881
  12              3            882
  11.9909        2.99773            883
  12              3            884
  11.9456         3.1459            885
  12              3            886
  11.9819        2.99549            887
  11.9639        3.85374            888
  12              3            889
  12              3            890
  11.964        3.88848            891
  11.991         3.8801            892
  11.9821        3.82161            893
  11.991        3.87606            894
  11.9731        3.92419            895
  12              3            896
  11.9821        3.52136            897
  12              3            898
  12              3            899
  11.9644        2.99109            900
  11.9376        3.97296            901
  11.8929         3.8545            902
  12              3            903
  11.9911        2.99779            904
  11.9646        3.19344            905
  11.9823        2.99558            906
  12              3            907
  11.9824        2.99559            908
  12              3            909
  11.9824        3.49878            910
  11.9912        3.53542            911
  12              3            912
  11.9912        3.80367            913
  11.9912        2.99781            914
  12              3            915
  12              3            916
  12              3            917
  11.9651        2.99127            918
  11.9476        3.97928            919
  11.9913        2.99783            920
  11.9913        3.83491            921
  11.9739         3.6123            922
  11.9913        3.76635            923
  12              3            924
  12              3            925
  11.9306        3.94264            926
  12              3            927
  11.9914        2.99784            928
  12              3            929
  12              3            930
  11.9569        3.00843            931
  11.9828        3.99075            932
  11.9828        2.99785            933
  11.9829        2.99785            934
  11.9743         3.1532            935
  11.9914        2.99786            936
  12              3            937
  12              3            938
  11.9744        2.99573            939
  11.983        2.99574            940
  12              3            941
  12              3            942
  12              3            943
  11.9745        2.99364            944
  11.9576        3.98158            945
  11.9831        2.99577            946
  12              3            947
  12              3            948
  11.9662        3.97722            949
  11.9239        2.98936            950
  11.9747        2.99369            951
  12              3            952
  11.9832        3.41286            953
  11.9832        3.63128            954
  11.9916        2.99791            955
  12              3            956
  11.9916        3.29893            957
  12              3            958
  12              3            959
  11.9833        3.97513            960
  11.9917        2.99792            961
  11.9834        2.99584            962
  12              3            963
  12              3            964
  12              3            965
  11.9251        3.52208            966
  11.9668        3.87877            967
  12              3            968
  12              3            969
  11.9669        3.51053            970
  12              3            971
  11.967        3.60749            972
  12              3            973
  11.9918        3.72863            974
  11.9836        3.49272            975
  12              3            976
  11.959        2.98976            977
  12              3            978
  11.9179        2.98356            979
  11.9673        2.99386            980
  11.9591        2.98979            981
  11.9592        3.87079            982
  11.9428        3.80691            983
  11.9837        3.34404            984
  12              3            985
  12              3            986
  11.9756        2.99392            987
  11.9757        3.97722            988
  11.9187         3.9075            989
  11.9351         3.9321            990
  12              3            991
  11.9839        2.99798            992
  11.9677        2.99193            993
  11.9919        2.99799            994
  11.9678        3.61416            995
  12              3            996
  12              3            997
  12              3            998
  11.984        2.99599            999
