# n = 40
  3.9956        15.9782              1
  3.99082        15.9545          1.075
  3.98462        15.9235           1.15
  3.977        15.8849          1.225
  3.96666        15.8323            1.3
  3.95362        15.7681          1.375
  3.93818        15.6911           1.45
  3.91938        15.5961          1.525
  3.8955        15.4772            1.6
  3.8698        15.3495          1.675
  3.8424        15.2144           1.75
  3.81192        15.0625          1.825
  3.7805        14.9052            1.9
  3.74614        14.7332          1.975
  3.70944        14.5494           2.05
  3.67226        14.3635          2.125
  3.63278         14.166            2.2
  3.59356        13.9709          2.275
  3.55622        13.7839           2.35
  3.51642        13.5853          2.425
  3.47288        13.3716            2.5
  3.43214        13.1689          2.575
  3.3936        12.9729           2.65
  3.3528        12.7707          2.725
  3.31174        12.5688            2.8
  3.27244        12.3742          2.875
  3.2342         12.183           2.95
  3.19672        11.9958          3.025
  3.16332         11.831            3.1
  3.12532        11.6452          3.175
  3.08924        11.4657           3.25
  3.05422        11.2911          3.325
  3.02308        11.1378            3.4
  2.99098        10.9775          3.475
  2.954        10.7958           3.55
  2.92436        10.6486          3.625
  2.8923        10.4901            3.7
  2.86038         10.333          3.775
  2.831        10.1911           3.85
  2.80248        10.0534          3.925
