# n = 40
  0.0260375     0.00333516              1
  0.0467765     0.00648273          1.075
  0.0688064      0.0100616           1.15
  0.0913257      0.0139492          1.225
  0.118064      0.0188247            1.3
  0.144609      0.0249107          1.375
  0.172165       0.031348           1.45
  0.202338      0.0384558          1.525
  0.235876      0.0472375            1.6
  0.265173       0.055846          1.675
  0.289739      0.0643375           1.75
  0.314123      0.0728419          1.825
  0.334565      0.0806552            1.9
  0.354453      0.0885665          1.975
  0.3723      0.0962799           2.05
  0.385617       0.103293          2.125
  0.39724       0.110099            2.2
  0.404868       0.116177          2.275
  0.408272       0.120977           2.35
  0.411619       0.125785          2.425
  0.414615        0.13107            2.5
  0.414246       0.134887          2.575
  0.411646       0.137392           2.65
  0.408419       0.140317          2.725
  0.403162       0.142966            2.8
  0.396879       0.144808          2.875
  0.389895       0.146016           2.95
  0.382192       0.146845          3.025
  0.373272       0.147133            3.1
  0.365387       0.147841          3.175
  0.357485       0.147867           3.25
  0.348475        0.14758          3.325
  0.33917       0.146967            3.4
  0.330159       0.146152          3.475
  0.321588        0.14575           3.55
  0.31225       0.144599          3.625
  0.303141       0.143562            3.7
  0.295084       0.142465          3.775
  0.286382       0.141335           3.85
  0.277953       0.140098          3.925
