# n = 1499
  -372             38              1
  -420             41              2
  -449.333        49.3333              3
  -469           51.5              4
  -489.6           54.8              5
  -508             58              6
  -525.143             60              7
  -540.5             62              8
  -553.333        63.7778              9
  -564.8             66             10
  -575.636        69.0909             11
  -585.333           72.5             12
  -593.538        75.0769             13
  -600.857        77.5714             14
  -607.467        79.8667             15
  -612.75          82.75             16
  -617.647        85.5294             17
  -621.778        88.2222             18
  -625.895        90.7368             19
  -629.6           93.2             20
  -633.143        95.4286             21
  -636.364        97.8182             22
  -639.304        99.8261             23
  -641.5         101.75             24
  -643.52         103.92             25
  -645.385        105.846             26
  -647.556        107.704             27
  -649.286        109.286             28
  -651.172        111.034             29
  -652.933        112.667             30
  -654.581        113.806             31
  -656.125        114.812             32
  -657.333        116.121             33
  -658.588        117.235             34
  -659.543        118.286             35
  -660.556            119             36
  -661.405        119.676             37
  -662.211        120.474             38
  -663.179        121.026             39
  -664.2         121.75             40
  -665.171        122.537             41
  -666.095        123.333             42
  -666.977        123.814             43
  -667.818        124.455             44
  -668.711        125.111             45
  -669.565        125.826             46
  -670.298        126.511             47
  -671.083        127.167             48
  -671.837        127.837             49
  -672.56         128.72             50
  -673.098        129.529             51
  -673.846        130.538             52
  -674.491        131.472             53
  -675.111        132.259             54
  -675.636        133.164             55
  -676.071        133.964             56
  -676.561        134.807             57
  -676.966         135.69             58
  -677.424        136.475             59
  -677.733          137.2             60
  -678.033        138.066             61
  -678.387        138.935             62
  -678.794        139.746             63
  -679.188        140.594             64
  -679.631        141.292             65
  -680.061         142.03             66
  -680.478        142.806             67
  -680.824        143.559             68
  -681.101        144.319             69
  -681.371        144.943             70
  -681.634        145.577             71
  -681.778        146.083             72
  -681.863        146.575             73
  -682        147.189             74
  -682.133        147.733             75
  -682.263        148.237             76
  -682.494        148.779             77
  -682.667         149.41             78
  -682.734        150.025             79
  -682.85          150.6             80
  -682.963        151.062             81
  -683.073        151.341             82
  -683.133         151.59             83
  -683.143          151.5             84
  -683.247        151.412             85
  -683.302        151.372             86
  -683.448        151.379             87
  -683.545        151.364             88
  -683.64        151.326             89
  -683.733          151.2             90
  -683.868        151.033             91
  -683.957        150.957             92
  -684.086        150.968             93
  -684.34        150.872             94
  -684.547        150.695             95
  -684.792        150.542             96
  -684.99        150.515             97
  -685.184         150.51             98
  -685.455        150.545             99
  -685.56         150.48            100
  -685.703        150.436            101
  -685.843        150.392            102
  -685.942        150.291            103
  -686.077        149.981            104
  -686.248        149.829            105
  -686.415         149.66            106
  -686.617        149.421            107
  -686.667         149.13            108
  -686.826        148.807            109
  -687.018        148.382            110
  -687.135        147.982            111
  -687.25        147.589            112
  -687.327        147.133            113
  -687.333        146.702            114
  -687.374        146.261            115
  -687.414        145.897            116
  -687.453        145.538            117
  -687.559        145.136            118
  -687.697        144.723            119
  -687.833        144.267            120
  -687.868        143.802            121
  -687.967        143.361            122
  -688.098        142.927            123
  -688.194        142.452            124
  -688.352        141.968            125
  -688.508         141.54            126
  -688.63        141.071            127
  -688.781        140.516            128
  -688.868        139.891            129
  -688.923        139.292            130
  -689.008        138.672            131
  -689.03        138.076            132
  -689.083        137.429            133
  -689.075        136.731            134
  -689.185        136.074            135
  -689.294        135.412            136
  -689.401        134.657            137
  -689.507        133.855            138
  -689.612        133.108            139
  -689.686        132.371            140
  -689.759        131.631            141
  -689.69        130.986            142
  -689.734        130.392            143
  -689.75        129.833            144
  -689.821        129.283            145
  -689.918        128.753            146
  -689.932        128.177            147
  -689.946        127.649            148
  -690.013        127.154            149
  -690.107        126.693            150
  -690.199        126.212            151
  -690.289        125.789            152
  -690.379        125.346            153
  -690.442        124.961            154
  -690.555        124.542            155
  -690.641        124.064            156
  -690.726        123.554            157
  -690.759        123.038            158
  -690.818        122.553            159
  -690.875        122.038            160
  -690.932        121.528            161
  -686.963        51.3457            162
  -687.043        51.1534            163
  -687.146        50.9512            164
  -687.224        50.7879            165
  -687.253        50.6024            166
  -687.234        50.4072            167
  -687.333        50.1548            168
  -687.432         49.929            169
  -687.529        49.7294            170
  -687.626        49.5322            171
  -687.721        49.2674            172
  -687.815        49.0173            173
  -687.885        48.8391            174
  -687.931        48.6743            175
  -688.023           48.5            176
  -688.09        48.3051            177
  -688.112        48.0899            178
  -688.134        47.8883            179
  -688.178        47.6889            180
  -688.199         47.547            181
  -688.242        47.3407            182
  -688.306        47.0929            183
  -688.37        46.8696            184
  -688.368        46.6378            185
  -688.387        46.4516            186
  -688.385        46.2139            187
  -688.383             46            188
  -688.36        45.7989            189
  -688.337           45.6            190
  -688.335        45.4346            191
  -688.354        45.3229            192
  -688.394        45.2332            193
  -688.351        45.0309            194
  -688.39         44.841            195
  -688.429        44.6327            196
  -688.467        44.4873            197
  -688.465         44.303            198
  -688.482        44.1106            199
  -688.5          43.91            200
  -688.498        43.7313            201
  -688.495        43.5545            202
  -688.512         43.399            203
  -688.549        43.2451            204
  -688.546         43.122            205
  -688.602        42.9806            206
  -688.657        42.8213            207
  -688.731         42.625            208
  -688.804        42.4211            209
  -688.876        42.2286            210
  -688.967        42.0569            211
  -689.057        41.8774            212
  -689.089        41.7277            213
  -689.065        41.5607            214
  -689.079         41.414            215
  -689.111        41.3148            216
  -689.124        41.2535            217
  -689.119        41.1651            218
  -689.169        41.0959            219
  -689.182        40.9909            220
  -689.213        40.8959            221
  -689.243        40.7928            222
  -689.327        40.6906            223
  -689.393        40.6071            224
  -689.458        40.5422            225
  -689.54        40.4779            226
  -689.586        40.4317            227
  -689.649         40.307            228
  -689.712        40.2183            229
  -689.809        40.1304            230
  -689.87        40.0433            231
  -689.931        39.9655            232
  -690.009         39.897            233
  -690.085        39.8547            234
  -690.145        39.8298            235
  -690.169        39.8475            236
  -690.194        39.8143            237
  -690.235        39.7899            238
  -690.31        39.7238            239
  -690.35        39.7167            240
  -690.407         39.668            241
  -690.446        39.6116            242
  -690.486        39.6049            243
  -690.525         39.582            244
  -690.563        39.4776            245
  -690.602        39.3902            246
  -690.607        39.2955            247
  -690.597        39.2581            248
  -690.602        39.1727            249
  -762.864        340.432            250
  -763.012        340.669            251
  -763.159        340.905            252
  -763.304        341.138            253
  -763.449         341.37            254
  -763.592          341.6            255
  -763.734        341.828            256
  -763.875        342.054            257
  -764.016        342.279            258
  -764.154        342.502            259
  -764.292        342.723            260
  -764.429        342.943            261
  -764.565         343.16            262
  -764.7        343.376            263
  -764.833        343.591            264
  -764.966        343.804            265
  -765.098        344.015            266
  -765.199        344.217            267
  -765.328        344.425            268
  -765.457        344.632            269
  -765.585        344.837            270
  -765.712        345.041            271
  -765.779        345.228            272
  -765.875        345.421            273
  -765.971        345.613            274
  -766.095        345.811            275
  -766.217        346.007            276
  -766.339        346.202            277
  -766.46        346.396            278
  -766.581        346.588            279
  -766.7        346.779            280
  -766.819        346.968            281
  -766.936        347.156            282
  -767.053        347.343            283
  -767.169        347.528            284
  -767.284        347.712            285
  -767.399        347.895            286
  -767.512        348.077            287
  -767.625        348.257            288
  -767.737        348.436            289
  -767.848        348.614            290
  -767.959         348.79            291
  -768.068        348.966            292
  -768.177         349.14            293
  -768.286        349.313            294
  -768.393        349.485            295
  -768.5        349.655            296
  -768.606        349.825            297
  -768.711        349.993            298
  -768.816        350.161            299
  -768.92        350.327            300
  -769.023        350.492            301
  -769.126        350.656            302
  -769.228        350.818            303
  -769.329         350.98            304
  -769.43        351.141            305
  -769.529        351.301            306
  -769.629        351.459            307
  -769.727        351.617            308
  -769.825        351.773            309
  -769.897        351.923            310
  -769.968        352.071            311
  -770.064        352.224            312
  -770.16        352.377            313
  -770.229        352.522            314
  -786.857         387.34            315
  -786.899         387.38            316
  -786.94         387.42            317
  -786.981        387.459            318
  -787.022        387.498            319
  -787.062        387.538            320
  -787.103        387.576            321
  -787.143        387.615            322
  -787.183        387.653            323
  -787.198        387.685            324
  -787.237        387.723            325
  -787.276        387.761            326
  -787.315        387.798            327
  -787.354        387.835            328
  -787.392        387.872            329
  -787.43        387.909            330
  -787.468        387.946            331
  -787.506        387.982            332
  -787.544        388.018            333
  -787.581        388.054            334
  -787.618         388.09            335
  -787.655        388.125            336
  -787.691         388.16            337
  -787.704        388.189            338
  -787.717        388.218            339
  -787.729        388.247            340
  -787.765        388.282            341
  -787.801        388.316            342
  -787.837         388.35            343
  -787.872        388.384            344
  -787.907        388.417            345
  -787.919        388.445            346
  -787.954        388.478            347
  -787.989        388.511            348
  -788.023        388.544            349
  -788.057        388.577            350
  -788.091         388.61            351
  -788.125        388.642            352
  -788.159        388.674            353
  -788.192        388.706            354
  -788.225        388.738            355
  -788.258         388.77            356
  -788.291        388.801            357
  -788.324        388.832            358
  -788.357        388.864            359
  -788.389        388.894            360
  -788.421        388.925            361
  -788.431         388.95            362
  -788.463        388.981            363
  -788.495        389.011            364
  -788.526        389.041            365
  -788.557        389.071            366
  -788.589        389.101            367
  -788.62         389.13            368
  -689.702        124.585            369
  -689.73        124.557            370
  -689.768        124.501            371
  -689.785        124.478            372
  -689.812        124.466            373
  -689.85        124.449            374
  -689.856         124.48            375
  -689.84        124.543            376
  -689.836        124.599            377
  -689.841        124.646            378
  -689.858        124.723            379
  -689.874        124.784            380
  -689.911        124.819            381
  -689.948        124.895            382
  -689.984        124.945            383
  -690.021        124.995            384
  -690.057        125.049            385
  -690.083        125.078            386
  -690.098        125.096            387
  -690.113        125.144            388
  -690.129        125.152            389
  -690.174        125.159            390
  -690.21        125.182            391
  -690.245        125.184            392
  -690.26        125.206            393
  -690.264        125.218            394
  -690.278        125.261            395
  -690.283        125.273            396
  -690.297         125.33            397
  -690.322        125.387            398
  -690.346        125.449            399
  -690.38        125.525            400
  -690.414        125.601            401
  -690.438        125.662            402
  -690.452        125.702            403
  -690.465        125.733            404
  -690.459        125.753            405
  -690.473        125.724            406
  -690.467        125.671            407
  -690.461        125.593            408
  -690.445        125.521            409
  -690.449        125.478            410
  -690.472         125.44            411
  -690.495        125.383            412
  -690.508        125.317            413
  -690.551        125.208            414
  -690.593        125.094            415
  -781.942        380.774            416
  -781.986         380.82            417
  -782.029        380.866            418
  -782.072        380.912            419
  -782.114        380.957            420
  -782.157        381.002            421
  -782.199        381.047            422
  -782.222        381.087            423
  -782.245        381.127            424
  -782.287        381.172            425
  -782.329        381.216            426
  -782.37         381.26            427
  -782.411        381.304            428
  -782.452        381.347            429
  -782.493        381.391            430
  -782.534        381.434            431
  -782.556        381.472            432
  -782.596        381.515            433
  -782.636        381.558            434
  -782.676          381.6            435
  -782.716        381.642            436
  -782.755        381.684            437
  -782.795        381.726            438
  -782.834        381.768            439
  -782.873        381.809            440
  -782.912         381.85            441
  -782.95        381.891            442
  -782.989        381.932            443
  -783.027        381.973            444
  -783.065        382.013            445
  -783.085        382.049            446
  -783.105        382.085            447
  -783.143        382.125            448
  -783.18        382.165            449
  -783.218        382.204            450
  -783.237        382.239            451
  -783.274        382.279            452
  -783.294        382.313            453
  -783.313        382.348            454
  -783.332        382.382            455
  -783.351        382.417            456
  -783.387        382.455            457
  -794.052        396.402            458
  -794.048        396.405            459
  -794.061        396.413            460
  -794.074        396.421            461
  -794.069        396.424            462
  -794.082        396.432            463
  -794.095         396.44            464
  -794.108        396.447            465
  -794.12        396.455            466
  -794.133        396.463            467
  -794.145         396.47            468
  -794.158        396.478            469
  -794.17        396.485            470
  -794.183        396.493            471
  -794.195          396.5            472
  -794.207        396.507            473
  -794.219        396.515            474
  -794.232        396.522            475
  -794.244        396.529            476
  -794.256        396.537            477
  -794.268        396.544            478
  -794.28        396.551            479
  -794.292        396.558            480
  -794.304        396.565            481
  -794.315        396.573            482
  -794.327         396.58            483
  -794.339        396.587            484
  -794.351        396.594            485
  -794.362        396.601            486
  -794.374        396.608            487
  -794.385        396.615            488
  -794.397        396.622            489
  -794.408        396.629            490
  -794.42        396.635            491
  -794.431        396.642            492
  -794.442        396.649            493
  -794.453        396.656            494
  -794.448        396.659            495
  -794.427        396.657            496
  -694.173        51.3038            497
  -694.185         51.261            498
  -694.204        51.2305            499
  -694.232          51.22            500
  -694.259        51.2096            501
  -694.287        51.1992            502
  -694.314        51.1849            503
  -694.349        51.1587            504
  -694.376        51.1406            505
  -694.395        51.1067            506
  -694.398        51.0533            507
  -694.394        51.0118            508
  -694.397        50.9941            509
  -694.424        50.9843            510
  -694.458        50.9824            511
  -694.492        50.9766            512
  -694.519         50.963            513
  -694.529        50.9494            514
  -694.548        50.9126            515
  -694.558        50.8721            516
  -694.576        50.8395            517
  -694.595        50.8185            518
  -694.613        50.8015            519
  -694.623        50.7962            520
  -694.626        50.7716            521
  -694.628        50.7433            522
  -694.623        50.7036            523
  -694.626        50.6794            524
  -694.636        50.6248            525
  -694.631        50.5779            526
  -694.634        50.5047            527
  -694.636        50.4242            528
  -694.639        50.3743            529
  -694.642        50.3132            530
  -694.644        50.2524            531
  -694.632         50.203            532
  -792.203        392.563            533
  -792.217        392.577            534
  -792.232        392.591            535
  -792.246        392.604            536
  -792.261        392.618            537
  -792.275        392.632            538
  -792.289        392.646            539
  -792.304        392.659            540
  -792.318        392.673            541
  -792.332        392.686            542
  -792.346          392.7            543
  -792.36        392.713            544
  -792.374        392.727            545
  -792.388         392.74            546
  -792.402        392.753            547
  -792.416        392.766            548
  -792.43         392.78            549
  -792.444        392.793            550
  -792.457        392.806            551
  -792.471        392.819            552
  -792.485        392.832            553
  -792.498        392.845            554
  -792.497        392.854            555
  -792.496        392.863            556
  -792.496        392.873            557
  -792.495        392.882            558
  -792.494        392.891            559
  -792.507        392.904            560
  -792.506        392.913            561
  -792.505        392.922            562
  -792.504        392.931            563
  -792.518        392.943            564
  -792.531        392.956            565
  -792.544        392.968            566
  -792.028        392.109            567
  -792.042        392.123            568
  -792.056        392.137            569
  -792.07        392.151            570
  -792.084        392.165            571
  -792.098        392.178            572
  -792.112        392.192            573
  -792.125        392.206            574
  -792.139        392.219            575
  -792.153        392.233            576
  -792.166        392.246            577
  -792.18         392.26            578
  -792.193        392.273            579
  -792.207        392.286            580
  -792.22        392.299            581
  -792.234        392.313            582
  -792.247        392.326            583
  -792.26        392.339            584
  -792.274        392.352            585
  -792.287        392.365            586
  -792.3        392.378            587
  -792.313        392.391            588
  -792.326        392.404            589
  -792.339        392.417            590
  -792.352         392.43            591
  -792.365        392.443            592
  -792.378        392.455            593
  -792.391        392.468            594
  -792.403        392.481            595
  -792.416        392.493            596
  -792.429        392.506            597
  -792.441        392.518            598
  -785.997        380.274            599
  -786.02        380.307            600
  -786.03        380.336            601
  -786.04        380.365            602
  -786.063        380.398            603
  -786.086         380.43            604
  -786.109        380.463            605
  -786.132        380.495            606
  -786.155        380.527            607
  -786.178        380.559            608
  -786.2        380.591            609
  -786.223        380.623            610
  -786.245        380.655            611
  -786.268        380.686            612
  -786.277        380.715            613
  -786.3        380.746            614
  -786.322        380.777            615
  -786.331        380.805            616
  -786.353        380.836            617
  -786.375        380.867            618
  -786.397        380.898            619
  -786.419        380.929            620
  -786.441         380.96            621
  -786.463         380.99            622
  -786.485        381.021            623
  -786.506        381.051            624
  -786.528        381.082            625
  -786.55        381.112            626
  -786.571        381.142            627
  -786.592        381.172            628
  -786.614        381.202            629
  -790.514        387.863            630
  -790.529        387.883            631
  -790.544        387.902            632
  -790.559        387.921            633
  -790.574         387.94            634
  -790.589        387.959            635
  -790.604        387.978            636
  -790.619        387.997            637
  -790.633        388.016            638
  -790.648        388.034            639
  -790.663        388.053            640
  -790.677        388.072            641
  -790.692         388.09            642
  -790.706        388.109            643
  -790.72        388.127            644
  -790.735        388.146            645
  -790.749        388.164            646
  -790.764        388.182            647
  -790.778        388.201            648
  -790.792        388.219            649
  -790.806        388.237            650
  -790.82        388.255            651
  -790.834        388.273            652
  -790.848        388.291            653
  -790.862        388.309            654
  -790.876        388.327            655
  -790.89        388.345            656
  -790.904        388.362            657
  -792.821        393.787            658
  -792.832        393.797            659
  -792.842        393.806            660
  -792.853        393.815            661
  -792.864        393.825            662
  -792.863        393.831            663
  -792.861        393.837            664
  -792.872        393.847            665
  -792.883        393.856            666
  -792.894        393.865            667
  -792.904        393.874            668
  -792.915        393.883            669
  -792.925        393.893            670
  -792.936        393.902            671
  -792.946        393.911            672
  -792.957         393.92            673
  -792.967        393.929            674
  -792.978        393.938            675
  -792.976        393.944            676
  -792.975         393.95            677
  -792.973        393.956            678
  -792.984        393.965            679
  -792.994        393.974            680
  -793.004        393.982            681
  -793.015        393.991            682
  -793.025            394            683
  -793.035        394.009            684
  -793.045        394.018            685
  -786.216        376.735            686
  -786.224        376.766            687
  -786.233        376.797            688
  -786.241        376.827            689
  -786.261        376.861            690
  -786.281        376.894            691
  -786.301        376.928            692
  -786.32        376.961            693
  -786.34        376.994            694
  -786.36        377.027            695
  -786.379         377.06            696
  -786.399        377.093            697
  -786.418        377.126            698
  -786.438        377.159            699
  -786.457        377.191            700
  -786.476        377.224            701
  -786.496        377.256            702
  -786.515        377.289            703
  -786.523        377.318            704
  -786.53        377.348            705
  -786.55         377.38            706
  -786.557        377.409            707
  -786.565        377.438            708
  -786.584         377.47            709
  -786.603        377.501            710
  -786.61         377.53            711
  -786.618        377.559            712
  -696.348        87.9776            713
  -696.342         88.056            714
  -696.336        88.1231            715
  -696.341        88.1704            716
  -696.351        88.2148            717
  -696.362        88.2618            718
  -696.373        88.3115            719
  -696.383        88.3611            720
  -696.388        88.4272            721
  -696.388        88.4931            722
  -696.382         88.545            723
  -696.376        88.5939            724
  -696.381        88.6538            725
  -696.386        88.7107            726
  -696.385        88.7895            727
  -696.39        88.8709            728
  -696.401        88.9492            729
  -696.405        89.0274            730
  -696.394        89.0971            731
  -696.399        89.1858            732
  -696.409         89.266            733
  -696.414        89.3324            734
  -696.419        89.4204            735
  -696.413        89.5163            736
  -696.423        89.6147            737
  -791.821        391.322            738
  -791.832        391.334            739
  -791.843        391.346            740
  -791.854        391.358            741
  -791.865        391.369            742
  -791.876        391.381            743
  -791.887        391.392            744
  -791.898        391.404            745
  -791.909        391.416            746
  -791.92        391.427            747
  -791.93        391.439            748
  -791.941         391.45            749
  -791.952        391.461            750
  -791.963        391.473            751
  -791.973        391.484            752
  -791.984        391.495            753
  -791.995        391.507            754
  -792.005        391.518            755
  -792.016        391.529            756
  -792.026         391.54            757
  -792.037        391.551            758
  -792.047        391.563            759
  -792.047        391.571            760
  -792.047         391.58            761
  -792.058        391.591            762
  -787.512        379.612            763
  -787.529        379.639            764
  -787.545        379.665            765
  -787.561        379.692            766
  -787.578        379.718            767
  -787.594        379.745            768
  -787.61        379.771            769
  -787.626        379.797            770
  -787.642        379.824            771
  -787.658         379.85            772
  -787.674        379.876            773
  -787.69        379.902            774
  -787.706        379.928            775
  -787.722        379.954            776
  -787.737        379.979            777
  -787.753        380.005            778
  -787.769        380.031            779
  -787.785        380.056            780
  -787.8        380.082            781
  -787.816        380.107            782
  -787.831        380.133            783
  -787.847        380.158            784
  -787.862        380.183            785
  -787.868        380.206            786
  -788.31        380.869            787
  -788.315        380.891            788
  -788.319        380.913            789
  -788.334        380.937            790
  -788.349        380.961            791
  -788.364        380.985            792
  -788.378        381.009            793
  -788.393        381.033            794
  -788.408        381.057            795
  -788.422         381.08            796
  -788.437        381.104            797
  -788.451        381.128            798
  -788.466        381.151            799
  -788.47        381.173            800
  -788.474        381.194            801
  -788.459        381.209            802
  -788.453        381.228            803
  -788.468        381.251            804
  -788.472        381.272            805
  -788.486        381.295            806
  -788.501        381.318            807
  -788.515        381.342            808
  -788.529        381.365            809
  -794.38        394.719            810
  -794.387        394.725            811
  -794.394        394.732            812
  -794.401        394.738            813
  -794.408        394.744            814
  -794.415        394.751            815
  -794.422        394.757            816
  -794.428        394.764            817
  -794.435         394.77            818
  -794.442        394.777            819
  -794.449        394.783            820
  -794.456        394.789            821
  -794.462        394.796            822
  -794.469        394.802            823
  -794.476        394.808            824
  -794.482        394.815            825
  -794.489        394.821            826
  -794.496        394.827            827
  -794.502        394.833            828
  -794.509         394.84            829
  -794.516        394.846            830
  -794.522        394.852            831
  -794.529        394.858            832
  -794.156        395.227            833
  -794.153         395.23            834
  -794.16        395.236            835
  -794.167        395.242            836
  -794.174        395.247            837
  -794.181        395.253            838
  -794.188        395.259            839
  -794.195        395.264            840
  -794.202         395.27            841
  -794.209        395.276            842
  -794.216        395.281            843
  -794.223        395.287            844
  -794.23        395.292            845
  -794.236        395.298            846
  -794.243        395.303            847
  -794.25        395.309            848
  -794.257        395.314            849
  -794.264         395.32            850
  -794.27        395.325            851
  -794.277        395.331            852
  -794.284        395.336            853
  -794.29        395.342            854
  -793.637         394.25            855
  -793.645        394.257            856
  -793.652        394.264            857
  -793.66         394.27            858
  -793.658        394.275            859
  -793.665        394.281            860
  -793.672        394.288            861
  -793.671        394.292            862
  -793.669        394.297            863
  -793.667        394.301            864
  -793.674        394.308            865
  -793.672        394.312            866
  -793.67        394.316            867
  -793.668         394.32            868
  -793.675        394.327            869
  -793.683        394.333            870
  -793.69         394.34            871
  -793.697        394.346            872
  -793.704        394.353            873
  -793.712        394.359            874
  -793.71        394.363            875
  -793.717         394.37            876
  -731.827        197.396            877
  -731.904        197.626            878
  -731.982        197.857            879
  -732.059        198.086            880
  -732.136        198.316            881
  -732.213        198.544            882
  -732.29        198.772            883
  -732.367            199            884
  -732.443        199.227            885
  -732.519        199.454            886
  -732.595         199.68            887
  -732.671        199.905            888
  -732.747         200.13            889
  -732.822        200.355            890
  -732.898        200.579            891
  -732.973        200.803            892
  -733.048        201.026            893
  -733.123        201.248            894
  -733.198         201.47            895
  -733.272        201.692            896
  -733.347        201.913            897
  -756.009        279.212            898
  -756.058        279.346            899
  -756.107         279.48            900
  -756.155        279.614            901
  -756.204        279.747            902
  -756.252         279.88            903
  -756.301        280.013            904
  -756.349        280.146            905
  -756.397        280.278            906
  -756.445         280.41            907
  -756.493        280.542            908
  -756.541        280.673            909
  -756.589        280.804            910
  -756.637        280.935            911
  -756.684        281.066            912
  -756.732        281.196            913
  -756.779        281.326            914
  -756.826        281.456            915
  -756.873        281.585            916
  -756.92        281.714            917
  -771.695        338.976            918
  -771.726        339.042            919
  -771.757        339.109            920
  -771.787        339.175            921
  -771.818        339.241            922
  -771.848        339.307            923
  -771.879        339.372            924
  -771.909        339.438            925
  -771.94        339.503            926
  -771.97        339.569            927
  -771.991        339.631            928
  -772.013        339.694            929
  -772.043        339.759            930
  -772.073        339.824            931
  -772.103        339.888            932
  -772.133        339.953            933
  -772.163        340.017            934
  -772.193        340.081            935
  -772.222        340.145            936
  -791.159        387.394            937
  -791.168        387.407            938
  -791.178        387.421            939
  -791.187        387.434            940
  -791.197        387.447            941
  -791.206        387.461            942
  -791.215        387.474            943
  -791.225        387.487            944
  -791.234        387.501            945
  -791.243        387.514            946
  -791.252        387.527            947
  -791.262         387.54            948
  -791.271        387.553            949
  -791.28        387.566            950
  -791.289        387.579            951
  -791.298        387.592            952
  -791.307        387.605            953
  -791.317        387.618            954
  -791.326        387.631            955
  -791.335        387.644            956
  -787.511        375.383            957
  -787.524        375.409            958
  -787.537        375.435            959
  -787.55         375.46            960
  -787.563        375.486            961
  -787.576        375.511            962
  -787.589        375.537            963
  -787.593         375.56            964
  -787.598        375.583            965
  -787.611        375.609            966
  -787.624        375.634            967
  -787.636        375.659            968
  -787.649        375.684            969
  -787.662        375.709            970
  -787.675        375.734            971
  -787.687        375.759            972
  -787.7        375.784            973
  -787.713        375.809            974
  -787.725        375.834            975
  -791.795        388.727            976
  -791.803        388.739            977
  -791.812        388.751            978
  -791.82        388.762            979
  -791.829        388.773            980
  -791.837        388.785            981
  -791.845        388.796            982
  -791.854        388.808            983
  -791.862        388.819            984
  -791.87         388.83            985
  -791.878        388.842            986
  -791.887        388.853            987
  -791.895        388.864            988
  -791.903        388.876            989
  -791.911        388.887            990
  -791.919        388.898            991
  -791.927        388.909            992
  -791.936         388.92            993
  -791.944        388.932            994
  -794.332        394.084            995
  -794.337         394.09            996
  -794.335        394.094            997
  -794.333        394.098            998
  -794.338        394.104            999
  -794.344         394.11           1000
  -794.35        394.116           1001
  -794.355        394.122           1002
  -794.361        394.128           1003
  -794.367        394.133           1004
  -794.372        394.139           1005
  -794.378        394.145           1006
  -794.383        394.151           1007
  -794.389        394.157           1008
  -794.394        394.163           1009
  -794.4        394.168           1010
  -794.406        394.174           1011
  -794.411         394.18           1012
  -794.417        394.186           1013
  -697.314        77.1558           1014
  -697.328        77.0916           1015
  -697.343        77.0197           1016
  -697.353        76.9538           1017
  -697.367         76.888           1018
  -697.374        76.8243           1019
  -697.384        76.7647           1020
  -697.387        76.6974           1021
  -697.393        76.6301           1022
  -697.4        76.5572           1023
  -697.406        76.4883           1024
  -697.409        76.4195           1025
  -697.407         76.347           1026
  -697.406        76.2882           1027
  -697.405        76.2354           1028
  -697.411         76.206           1029
  -697.421         76.165           1030
  -697.432        76.1242           1031
  -793.295        392.415           1032
  -793.301        392.422           1033
  -793.308        392.429           1034
  -793.314        392.437           1035
  -793.32        392.444           1036
  -793.327        392.451           1037
  -793.333        392.459           1038
  -793.34        392.466           1039
  -793.346        392.473           1040
  -793.353         392.48           1041
  -793.359        392.488           1042
  -793.365        392.495           1043
  -793.372        392.502           1044
  -793.378        392.509           1045
  -793.384        392.516           1046
  -793.391        392.523           1047
  -793.397        392.531           1048
  -793.403        392.538           1049
  -698.29         67.301           1050
  -698.276        67.3092           1051
  -698.262        67.3042           1052
  -698.241        67.2953           1053
  -698.22        67.2941           1054
  -698.203        67.3118           1055
  -698.186        67.3352           1056
  -698.18        67.3453           1057
  -698.181        67.3667           1058
  -698.183        67.3673           1059
  -698.192        67.3698           1060
  -698.205        67.3874           1061
  -698.218        67.4143           1062
  -698.228        67.4356           1063
  -698.241        67.4605           1064
  -698.25        67.4911           1065
  -698.259        67.5235           1066
  -698.268        67.5558           1067
  -699.371         61.618           1068
  -699.368        61.6165           1069
  -699.368        61.6299           1070
  -699.358        61.6396           1071
  -699.347         61.653           1072
  -699.34        61.6626           1073
  -699.341        61.6629           1074
  -699.334         61.654           1075
  -699.32        61.6431           1076
  -699.317        61.6193           1077
  -699.314        61.5937           1078
  -699.314        61.5829           1079
  -699.311        61.5796           1080
  -699.312        61.5652           1081
  -699.312        61.5527           1082
  -699.313        61.5457           1083
  -699.306        61.5369           1084
  -794.348        394.175           1085
  -794.354         394.18           1086
  -794.359        394.186           1087
  -794.364        394.191           1088
  -794.369        394.197           1089
  -794.367          394.2           1090
  -794.372        394.205           1091
  -794.377        394.211           1092
  -794.382        394.216           1093
  -794.388        394.221           1094
  -794.393        394.226           1095
  -794.398        394.232           1096
  -794.396        394.235           1097
  -794.401         394.24           1098
  -794.406        394.246           1099
  -794.411        394.251           1100
  -794.416        394.256           1101
  -794.24        395.085           1102
  -794.238        395.088           1103
  -794.243        395.092           1104
  -794.248        395.097           1105
  -794.253        395.101           1106
  -794.258        395.106           1107
  -794.264         395.11           1108
  -794.269        395.115           1109
  -794.274        395.119           1110
  -794.279        395.123           1111
  -794.284        395.128           1112
  -794.289        395.132           1113
  -794.294        395.136           1114
  -794.292        395.139           1115
  -794.297        395.143           1116
  -794.303        395.148           1117
  -794.308        395.152           1118
  -792.815         390.35           1119
  -792.821        390.359           1120
  -792.828        390.368           1121
  -792.834        390.376           1122
  -792.841        390.385           1123
  -792.847        390.393           1124
  -792.853        390.402           1125
  -792.86         390.41           1126
  -792.866        390.419           1127
  -792.872        390.427           1128
  -792.879        390.436           1129
  -792.885        390.444           1130
  -792.891        390.453           1131
  -792.898        390.461           1132
  -792.904         390.47           1133
  -792.91        390.478           1134
  -796.684        398.143           1135
  -796.687        398.144           1136
  -796.69        398.146           1137
  -796.692        398.148           1138
  -796.695        398.149           1139
  -796.698        398.151           1140
  -796.701        398.152           1141
  -796.704        398.154           1142
  -796.707        398.156           1143
  -796.71        398.157           1144
  -796.713        398.159           1145
  -796.716        398.161           1146
  -796.711         398.16           1147
  -796.714        398.162           1148
  -796.717        398.164           1149
  -796.72        398.165           1150
  -796.716        398.165           1151
  -793.726        393.047           1152
  -793.731        393.053           1153
  -793.737        393.059           1154
  -793.735        393.063           1155
  -793.734        393.067           1156
  -793.732        393.072           1157
  -793.731        393.076           1158
  -793.729         393.08           1159
  -793.734        393.086           1160
  -793.74        393.092           1161
  -793.738        393.096           1162
  -793.737        393.101           1163
  -793.742        393.107           1164
  -793.748        393.112           1165
  -793.753        393.118           1166
  -793.758        393.124           1167
  -792.486        387.824           1168
  -792.493        387.834           1169
  -792.499        387.844           1170
  -792.506        387.855           1171
  -792.512        387.865           1172
  -792.518        387.876           1173
  -792.525        387.886           1174
  -792.531        387.896           1175
  -792.537        387.906           1176
  -792.544        387.917           1177
  -792.55        387.927           1178
  -792.556        387.937           1179
  -792.563        387.947           1180
  -792.569        387.958           1181
  -792.575        387.968           1182
  -792.582        387.978           1183
  -750.23         256.12           1184
  -750.272        256.241           1185
  -750.314        256.363           1186
  -750.349        256.482           1187
  -750.384        256.601           1188
  -750.426        256.722           1189
  -750.467        256.842           1190
  -750.509        256.962           1191
  -750.55        257.082           1192
  -750.592        257.202           1193
  -750.633        257.322           1194
  -750.674        257.441           1195
  -750.716         257.56           1196
  -750.75        257.678           1197
  -750.791        257.796           1198
  -795.663         396.54           1199
  -795.667        396.543           1200
  -795.67        396.546           1201
  -795.674        396.549           1202
  -795.677        396.552           1203
  -795.681        396.555           1204
  -795.685        396.558           1205
  -795.688        396.561           1206
  -795.692        396.563           1207
  -795.695        396.566           1208
  -795.692        396.567           1209
  -795.689        396.569           1210
  -795.693        396.571           1211
  -795.696        396.574           1212
  -795.7        396.577           1213
  -795.703         396.58           1214
  -776.902        350.984           1215
  -776.921        351.025           1216
  -776.94        351.065           1217
  -776.959        351.105           1218
  -776.978        351.145           1219
  -776.997        351.185           1220
  -777.016        351.225           1221
  -777.034        351.265           1222
  -777.053        351.305           1223
  -777.072        351.345           1224
  -777.091        351.384           1225
  -777.109        351.424           1226
  -777.128        351.464           1227
  -777.147        351.503           1228
  -777.165        351.543           1229
  -795.824        397.109           1230
  -795.828        397.111           1231
  -795.831        397.114           1232
  -795.835        397.116           1233
  -795.838        397.118           1234
  -795.835        397.119           1235
  -795.838        397.121           1236
  -795.835        397.122           1237
  -795.838        397.124           1238
  -795.842        397.127           1239
  -795.845        397.129           1240
  -795.849        397.131           1241
  -795.852        397.134           1242
  -795.855        397.136           1243
  -795.859        397.138           1244
  -792.954        390.731           1245
  -792.96        390.738           1246
  -792.966        390.746           1247
  -792.971        390.753           1248
  -792.977        390.761           1249
  -792.982        390.768           1250
  -792.988        390.775           1251
  -792.994        390.783           1252
  -792.999         390.79           1253
  -793.005        390.797           1254
  -793.01        390.805           1255
  -793.016        390.812           1256
  -793.021        390.819           1257
  -793.027        390.827           1258
  -793.033        390.834           1259
  -796.311        397.479           1260
  -796.314        397.481           1261
  -796.317        397.483           1262
  -796.32        397.485           1263
  -796.323        397.487           1264
  -796.326        397.489           1265
  -796.329        397.491           1266
  -796.325        397.492           1267
  -796.328        397.494           1268
  -796.331        397.496           1269
  -796.334        397.498           1270
  -796.337          397.5           1271
  -796.34        397.502           1272
  -796.342        397.504           1273
  -796.339        397.504           1274
  -714.337        129.849           1275
  -714.404        130.061           1276
  -714.471        130.273           1277
  -714.538        130.484           1278
  -714.605        130.694           1279
  -714.672        130.905           1280
  -714.738        131.115           1281
  -714.805        131.324           1282
  -714.871        131.534           1283
  -714.938        131.743           1284
  -715.004        131.952           1285
  -715.07         132.16           1286
  -715.136        132.368           1287
  -715.202        132.576           1288
  -796.254        396.906           1289
  -796.257        396.909           1290
  -796.26        396.911           1291
  -796.263        396.913           1292
  -796.266        396.916           1293
  -796.269        396.918           1294
  -796.272         396.92           1295
  -796.269        396.921           1296
  -796.265        396.922           1297
  -796.268        396.924           1298
  -796.271        396.927           1299
  -796.268        396.928           1300
  -796.271         396.93           1301
  -796.273        396.932           1302
  -796.276        396.935           1303
  -793.206        392.097           1304
  -793.211        392.103           1305
  -793.216        392.109           1306
  -793.221        392.115           1307
  -793.226        392.121           1308
  -793.231        392.127           1309
  -793.237        392.133           1310
  -793.242        392.139           1311
  -793.247        392.145           1312
  -793.252        392.151           1313
  -793.251        392.155           1314
  -793.25         392.16           1315
  -793.255        392.166           1316
  -793.26        392.172           1317
  -791.882        387.666           1318
  -791.888        387.676           1319
  -791.894        387.685           1320
  -791.9        387.694           1321
  -791.906        387.703           1322
  -791.912        387.713           1323
  -791.918        387.722           1324
  -791.925        387.731           1325
  -791.931        387.741           1326
  -791.937         387.75           1327
  -791.943        387.759           1328
  -791.949        387.768           1329
  -791.955        387.777           1330
  -791.961        387.787           1331
  -796.105        397.312           1332
  -796.108        397.314           1333
  -796.105        397.315           1334
  -796.108        397.317           1335
  -796.111        397.319           1336
  -796.114        397.321           1337
  -796.117        397.323           1338
  -796.119        397.325           1339
  -796.122        397.327           1340
  -796.125        397.329           1341
  -796.128        397.331           1342
  -796.125        397.331           1343
  -796.128        397.333           1344
  -796.131        397.335           1345
  -696.88        92.9658           1346
  -696.882        92.9621           1347
  -696.884        92.9585           1348
  -696.89        92.9681           1349
  -696.895        92.9748           1350
  -696.894        92.9815           1351
  -696.902        92.9852           1352
  -696.911          92.98           1353
  -696.913        92.9823           1354
  -696.918        92.9815           1355
  -696.923        92.9867           1356
  -696.923        92.9889           1357
  -696.922        92.9985           1358
  -696.924        92.9993           1359
  -795.35        394.806           1360
  -795.353         394.81           1361
  -795.357        394.814           1362
  -795.36        394.817           1363
  -795.364        394.821           1364
  -795.367        394.825           1365
  -795.37        394.829           1366
  -795.374        394.832           1367
  -795.377        394.836           1368
  -795.381         394.84           1369
  -795.378        394.842           1370
  -795.381        394.846           1371
  -795.385         394.85           1372
  -795.388        394.854           1373
  -796.399        397.328           1374
  -796.401        397.329           1375
  -796.398         397.33           1376
  -796.389        397.329           1377
  -796.386        397.329           1378
  -796.383         397.33           1379
  -796.38         397.33           1380
  -796.382        397.332           1381
  -796.385        397.334           1382
  -796.388        397.336           1383
  -796.39        397.338           1384
  -796.393         397.34           1385
  -796.395        397.342           1386
  -790.789        384.989           1387
  -790.795            385           1388
  -790.802        385.011           1389
  -790.809        385.022           1390
  -790.815        385.032           1391
  -790.816        385.042           1392
  -790.823        385.052           1393
  -790.829        385.063           1394
  -790.836        385.074           1395
  -790.842        385.085           1396
  -790.849        385.095           1397
  -790.856        385.106           1398
  -790.862        385.117           1399
  -790.869        385.127           1400
  -794.473        392.722           1401
  -794.476        392.728           1402
  -794.48        392.733           1403
  -794.479        392.736           1404
  -794.483        392.742           1405
  -794.481        392.745           1406
  -794.479        392.749           1407
  -794.483        392.754           1408
  -794.487        392.759           1409
  -794.485        392.763           1410
  -794.489        392.768           1411
  -794.493        392.773           1412
  -794.497        392.778           1413
  -796.025        396.194           1414
  -796.028        396.196           1415
  -796.031        396.199           1416
  -796.034        396.202           1417
  -796.037        396.205           1418
  -796.039        396.207           1419
  -796.042         396.21           1420
  -796.045        396.213           1421
  -796.048        396.215           1422
  -796.045        396.216           1423
  -796.048        396.219           1424
  -796.051        396.222           1425
  -796.053        396.224           1426
  -797.295        398.335           1427
  -797.297        398.336           1428
  -797.299        398.337           1429
  -797.301        398.338           1430
  -797.303         398.34           1431
  -797.304        398.341           1432
  -797.301        398.341           1433
  -797.303        398.342           1434
  -797.305        398.343           1435
  -797.306        398.344           1436
  -797.308        398.345           1437
  -797.31        398.346           1438
  -797.312        398.347           1439
  -787.067        377.021           1440
  -787.076        377.037           1441
  -787.085        377.053           1442
  -787.094        377.069           1443
  -787.102        377.084           1444
  -787.111          377.1           1445
  -787.12        377.116           1446
  -787.129        377.132           1447
  -787.138        377.148           1448
  -787.147        377.164           1449
  -787.15        377.178           1450
  -787.159        377.194           1451
  -787.168        377.209           1452
  -789.754         377.14           1453
  -789.761        377.155           1454
  -789.768        377.171           1455
  -789.775        377.187           1456
  -789.782        377.202           1457
  -789.789        377.218           1458
  -789.796        377.234           1459
  -789.803        377.249           1460
  -789.81        377.265           1461
  -789.817         377.28           1462
  -789.824        377.296           1463
  -789.831        377.311           1464
  -789.838        377.327           1465
  -796.508        397.112           1466
  -796.51        397.114           1467
  -796.512        397.116           1468
  -796.515        397.118           1469
  -796.517         397.12           1470
  -796.519        397.122           1471
  -796.522        397.124           1472
  -796.524        397.126           1473
  -796.526        397.128           1474
  -796.529        397.129           1475
  -796.531        397.131           1476
  -796.534        397.133           1477
  -796.536        397.135           1478
  -785.358        372.713           1479
  -785.368        372.731           1480
  -785.377        372.749           1481
  -785.387        372.768           1482
  -785.397        372.786           1483
  -785.407        372.805           1484
  -785.417        372.823           1485
  -785.427        372.841           1486
  -785.436        372.859           1487
  -785.441        372.876           1488
  -785.445        372.893           1489
  -785.455        372.911           1490
  -785.465         372.93           1491
  -781.901        360.887           1492
  -781.913        360.914           1493
  -781.925         360.94           1494
  -781.937        360.966           1495
  -781.949        360.992           1496
  -781.961        361.018           1497
  -781.968        361.043           1498
  -781.98        361.069           1499
