# n = 1499
  -284             34              1
  -360             60              2
  -385.333        12.6667              3
  -499             18              4
  -475.2             76              5
  -482.667             99              6
  -529.143        75.1429              7
  -511          26.75              8
  -516.444        15.1111              9
  -561.2          135.4             10
  -565.818        14.5455             11
  -541.333           76.5             12
  -568.923        41.5385             13
  -573.714        20.2857             14
  -583.2           92.8             15
  -628        227.625             16
  -593.647        128.588             17
  -628.444        206.889             18
  -613.053        23.8947             19
  -601           92.3             20
  -619.238        20.6667             21
  -643.636        261.909             22
  -635.826        178.522             23
  -590          28.25             24
  -632.64         137.12             25
  -623.077        58.3077             26
  -643.259        120.815             27
  -622.714        46.7857             28
  -650.897        236.966             29
  -608.8        148.733             30
  -630.323         107.29             31
  -649.625        187.438             32
  -648.121        192.909             33
  -627.529        46.5294             34
  -690.743        295.886             35
  -642.667        132.333             36
  -660.216        190.486             37
  -699.263        297.526             38
  -685.641        267.897             39
  -631.6           19.8             40
  -640.976        166.878             41
  -690        281.952             42
  -664.93        184.372             43
  -725.091        315.455             44
  -699.644        292.533             45
  -647.13         21.913             46
  -680.511         250.34             47
  -676.333        228.208             48
  -649.551        112.898             49
  -689.04         249.36             50
  -624.863        84.4314             51
  -750.923        368.038             52
  -670.717        179.887             53
  -674.074        223.556             54
  -698.182        248.255             55
  -700.643        263.071             56
  -720.772        309.754             57
  -717.586        303.621             58
  -695.254        249.254             59
  -670.333        131.167             60
  -656.59         47.082             61
  -720.258        314.258             62
  -722.476        283.587             63
  -686.062          207.5             64
  -729.785        320.308             65
  -667.212        39.1818             66
  -672.776        66.6269             67
  -705.647        281.882             68
  -655.42        78.3188             69
  -729.543          330.8             70
  -697.239        230.873             71
  -727.5         323.75             72
  -725.808        300.712             73
  -664.162        96.9459             74
  -729.013          304.8             75
  -762.842        363.737             76
  -678.857        159.065             77
  -735.538        317.231             78
  -733.215        317.468             79
  -742.8        334.525             80
  -696.889        216.074             81
  -733.512        326.341             82
  -722.024        291.229             83
  -723.714        293.571             84
  -778.541        386.729             85
  -723.581         292.93             86
  -660.46         67.931             87
  -717.773        282.205             88
  -669.663         43.618             89
  -669.822        87.1111             90
  -738.462        313.626             91
  -703.348        237.739             92
  -725.118        282.516             93
  -709.532        243.702             94
  -750.863        343.789             95
  -741.333        328.396             96
  -673.526        18.9897             97
  -657.102        19.1429             98
  -770.182        369.919             99
  -673.16          38.46            100
  -744.832        324.772            101
  -757.647        347.843            102
  -679.495        92.1942            103
  -759.308        354.558            104
  -756.914        352.248            105
  -683.358        63.7358            106
  -676.336        32.4112            107
  -728.407        295.333            108
  -741.908        319.046            109
  -704.836        210.127            110
  -728.144        275.369            111
  -629.536        34.5893            112
  -744.814         308.69            113
  -752.702        340.123            114
  -686.783        25.7565            115
  -771.724        372.793            116
  -726.701        286.222            117
  -687.831        22.4915            118
  -749.513        346.101            119
  -729.4        279.667            120
  -755.471        348.446            121
  -727.77        277.623            122
  -764.618        362.488            123
  -779.387        385.258            124
  -750.336        339.792            125
  -749.238        319.444            126
  -763.402        357.496            127
  -688        97.2188            128
  -686.233        36.1705            129
  -745.2        309.492            130
  -751.298        337.679            131
  -731.909         292.97            132
  -760.692        351.895            133
  -687.403        60.8806            134
  -729.748          293.2            135
  -687.676        64.1765            136
  -772.555        371.577            137
  -734.928        285.522            138
  -752.777        337.036            139
  -757.629          334.4            140
  -773.191        366.922            141
  -771.549        372.901            142
  -760.252        355.189            143
  -742.75        329.556            144
  -762.4         345.71            145
  -778.247         378.37            146
  -689.361        133.007            147
  -767.459        364.014            148
  -755.517        339.235            149
  -675.813        38.8267            150
  -759.921        343.907            151
  -759.316        330.053            152
  -734.536        271.333            153
  -683.792        63.7013            154
  -764.206        353.342            155
  -756.615        325.154            156
  -760.178        336.102            157
  -680.456        77.5696            158
  -757.233        336.013            159
  -739        303.475            160
  -684.919         73.205            161
  -778.667        381.506            162
  -685.89        37.5215            163
  -679.707        49.5244            164
  -757.77        339.782            165
  -780.337        385.819            166
  -751.832        331.485            167
  -683.214        37.7381            168
  -770.13         360.58            169
  -787.765        391.365            170
  -776.585        377.918            171
  -692.86        27.8372            172
  -765.549         345.48            173
  -766.46        358.943            174
  -769.189        362.194            175
  -767.273        353.205            176
  -690.531        115.672            177
  -770.674        366.978            178
  -688.559        37.1955            179
  -684.133        88.2556            180
  -760.818        337.492            181
  -688.835        47.4505            182
  -776.415        377.082            183
  -759.63        328.978            184
  -776.043        377.535            185
  -783.484        386.258            186
  -681.968        98.5775            187
  -746.468         288.33            188
  -777.397        378.138            189
  -688.021        101.116            190
  -760.335        345.131            191
  -759.354        335.688            192
  -774.176        369.503            193
  -775.052        369.134            194
  -779.856        379.549            195
  -759.347        332.571            196
  -762.701        356.234            197
  -688.667        70.9394            198
  -758.07        327.477            199
  -768.5         352.44            200
  -771.264        357.483            201
  -779.941        377.396            202
  -691.783        65.6946            203
  -770.882        357.951            204
  -774.166        358.098            205
  -786.388        388.893            206
  -757.275         324.28            207
  -772.712        355.769            208
  -766.813        351.407            209
  -781.524            382            210
  -693.365        24.9953            211
  -771.547        362.594            212
  -787.587        390.629            213
  -688.411        28.3738            214
  -686.977        27.3302            215
  -743.537        267.787            216
  -771.465        355.355            217
  -688.018        31.7615            218
  -778.247        373.105            219
  -775.636        368.655            220
  -765.611        348.977            221
  -773.658        368.919            222
  -772.933        363.229            223
  -689.214        70.4107            224
  -785.867        389.298            225
  -773.327        366.301            226
  -745.903        312.229            227
  -685.105         29.307            228
  -726.585        221.485            229
  -787.965         391.27            230
  -777.87        375.264            231
  -760.379        323.638            232
  -767.468        353.863            233
  -687.778        48.9658            234
  -780.766        376.187            235
  -773.627         361.72            236
  -686.16        53.0549            237
  -784.269        387.555            238
  -767.364        347.322            239
  -787.067        389.425            240
  -720.116        227.876            241
  -775.521         363.43            242
  -778.93        375.514            243
  -784.918        386.459            244
  -767.347        353.151            245
  -765.593        340.756            246
  -782.818        384.632            247
  -778.194            370            248
  -776.675        368.153            249
  -789.552        391.352            250
  -775.187        368.199            251
  -774.429         364.04            252
  -778.071        372.071            253
  -770.488        355.354            254
  -694.447        55.9059            255
  -775.953        372.742            256
  -773.65        361.051            257
  -788.109        390.566            258
  -777.699        370.448            259
  -780.985        380.608            260
  -785.349        387.157            261
  -777.359         364.13            262
  -690.221        64.8973            263
  -769        347.879            264
  -784.709        383.789            265
  -694.556        107.842            266
  -781.933        381.738            267
  -773.194        364.082            268
  -766.929         339.74            269
  -762.43        344.059            270
  -782.185        380.989            271
  -787.132        388.816            272
  -779.853        375.231            273
  -697.723        201.285            274
  -779.418        373.215            275
  -768.638        339.036            276
  -777.054        368.116            277
  -778.647        367.806            278
  -776.115        364.824            279
  -694.186        81.1143            280
  -791.445        393.715            281
  -687.674        37.5816            282
  -766.502        338.947            283
  -789.507         392.19            284
  -688.772        164.618            285
  -691.566        70.4196            286
  -690.857        109.456            287
  -775.847        366.729            288
  -769.896        353.093            289
  -773.366        360.441            290
  -764.082        343.361            291
  -784.767        386.849            292
  -776.218        366.184            293
  -691.075        148.803            294
  -689.939        49.8712            295
  -783.797        382.547            296
  -769.024        340.997            297
  -781.369        379.208            298
  -781.9        377.746            299
  -783.653        383.353            300
  -772.133        353.063            301
  -777.947        367.411            302
  -786.429        384.713            303
  -783.934        384.224            304
  -744.472        284.741            305
  -783.817        380.549            306
  -780.508        375.394            307
  -780.338         374.11            308
  -777.282        369.055            309
  -790.723        393.426            310
  -786.251        388.251            311
  -703.769        124.147            312
  -785.712        385.125            313
  -782.42        378.102            314
  -783.34        381.657            315
  -690.38        66.4747            316
  -788.53        391.098            317
  -686.704         38.717            318
  -778.47        370.821            319
  -785.15        382.981            320
  -777.981        370.174            321
  -791.13        394.714            322
  -786.031        386.099            323
  -770.407        345.975            324
  -764.529        343.114            325
  -769.804        342.951            326
  -783.547        377.621            327
  -764.671        339.409            328
  -785.957        384.371            329
  -784.436        382.339            330
  -787.154        389.444            331
  -781.024        372.392            332
  -775.676        370.997            333
  -693.09        44.4551            334
  -780.251        371.176            335
  -783.667        381.036            336
  -787.074        386.991            337
  -771.16        355.704            338
  -786.537        386.832            339
  -790.518        393.806            340
  -780.575        370.117            341
  -691.567        59.5088            342
  -778.857        372.192            343
  -771.326        355.047            344
  -787.826        388.684            345
  -782.636        373.699            346
  -787.401        385.954            347
  -691.713        58.3046            348
  -694.029        99.2206            349
  -771.851        348.646            350
  -772.319        349.214            351
  -787.875        389.148            352
  -782.028        372.091            353
  -789.424        390.339            354
  -779.155        370.839            355
  -778.034        363.466            356
  -772.426        352.784            357
  -787.285         389.38            358
  -775.61        355.632            359
  -787.6          389.2            360
  -787.967        387.939            361
  -690.564         83.989            362
  -778.645        366.579            363
  -783.451         381.78            364
  -789.83        390.581            365
  -757.421        311.809            366
  -781.907        374.736            367
  -791.293        393.364            368
  -783.415        380.477            369
  -789.384        390.157            370
  -784.776        379.154            371
  -789.323        387.758            372
  -789.448        390.005            373
  -694.235        84.7219            374
  -745.152        296.091            375
  -768.106         354.59            376
  -787.332         386.52            377
  -783.418        379.577            378
  -776.602        366.533            379
  -781.295        373.442            380
  -691.57        81.3753            381
  -785.801        382.455            382
  -786.987        386.517            383
  -787.396         386.88            384
  -791.242        393.361            385
  -693.42         84.114            386
  -696.176        113.871            387
  -695.309        74.8351            388
  -786.817        385.424            389
  -787.99        385.841            390
  -784.972        380.967            391
  -781.153        371.515            392
  -692.936        65.9847            393
  -693.239        116.462            394
  -783.868        379.185            395
  -693.182        73.2576            396
  -782.72        380.519            397
  -746.392        295.442            398
  -787.078        386.236            399
  -780.95         374.83            400
  -775.182        358.359            401
  -693.234        39.0249            402
  -783.375        380.784            403
  -784.931        382.455            404
  -777.136        366.242            405
  -783.813        376.138            406
  -692.58        50.1867            407
  -784.922        382.431            408
  -784.029        380.856            409
  -737.21        265.985            410
  -712.633        203.041            411
  -776.796        361.345            412
  -787.748        385.956            413
  -782.831        372.275            414
  -780.829        369.841            415
  -785.548        383.971            416
  -695.079        69.8369            417
  -778.861        366.904            418
  -734.74        275.031            419
  -787.619        384.867            420
  -764.162        329.487            421
  -696.209        63.1327            422
  -694.96        49.2861            423
  -787.387        387.358            424
  -695.812        46.1412            425
  -773.962        348.211            426
  -781.405        371.536            427
  -719.579        190.682            428
  -694.527        62.7413            429
  -716.912        217.302            430
  -690.784        50.2367            431
  -773.704        349.755            432
  -694.032        79.5982            433
  -790.765        390.926            434
  -766.694         331.43            435
  -767.459        349.234            436
  -693.822         73.373            437
  -775.616        366.429            438
  -790.269        389.221            439
  -695.291        55.3864            440
  -780.363        365.601            441
  -789.303        386.792            442
  -694.871        61.2009            443
  -787.559        382.541            444
  -785.78        383.766            445
  -788.143         387.83            446
  -781.065        371.043            447
  -775.696        357.469            448
  -789.898        388.325            449
  -789.333        389.338            450
  -788.443        385.073            451
  -794.398        396.566            452
  -786.834        385.104            453
  -782.846        369.938            454
  -779.701        370.356            455
  -695.904        57.2982            456
  -696.753        58.4989            457
  -727.301        241.454            458
  -781.298        370.218            459
  -696.217        84.8913            460
  -774.161        356.191            461
  -780.277        366.913            462
  -790.998        391.611            463
  -790.103        390.168            464
  -787.346        382.671            465
  -790.481        390.159            466
  -694.398        91.1263            467
  -760.248        304.496            468
  -791.633        393.164            469
  -788.97        388.757            470
  -787.439        382.786            471
  -791.237        392.953            472
  -792.668        394.457            473
  -790.624         389.65            474
  -732.968        222.792            475
  -790.143        388.487            476
  -757.107        302.826            477
  -772.904        352.285            478
  -784.451        377.624            479
  -783.033        379.775            480
  -783.884        375.405            481
  -751.361        280.627            482
  -791.412        391.855            483
  -783.645        372.707            484
  -784.404        377.295            485
  -694.041        63.1029            486
  -792.444        394.513            487
  -783.221        376.877            488
  -795.108        397.043            489
  -791.943        393.163            490
  -785.703        382.008            491
  -722.878         188.39            492
  -695.886        70.5477            493
  -781.96        369.085            494
  -695.903        121.713            495
  -786.621        378.742            496
  -783.646        375.469            497
  -780.932        371.687            498
  -693.234        100.862            499
  -790.76        392.204            500
  -776.575        363.741            501
  -696.287         107.04            502
  -694.282        116.716            503
  -787.556        384.579            504
  -786.289        381.129            505
  -784.269        372.668            506
  -783.235        375.436            507
  -794.449        396.437            508
  -789.894        389.006            509
  -792.486        394.118            510
  -786.748        379.237            511
  -714.336        157.047            512
  -789.52        389.657            513
  -791.72        391.163            514
  -694.532        165.627            515
  -785.829        378.039            516
  -787.613        385.137            517
  -791.985        393.444            518
  -789.78        387.545            519
  -782.192        368.565            520
  -780.008        365.727            521
  -759.487        315.927            522
  -792.428        393.985            523
  -781.863        366.221            524
  -738.095        267.432            525
  -695.361        50.2281            526
  -792.372         393.62            527
  -782.258        373.144            528
  -777.656         358.56            529
  -794.513        396.672            530
  -786.539        380.008            531
  -789.835        389.113            532
  -720.3        189.062            533
  -790.262        389.213            534
  -695.873         82.729            535
  -790.485        388.701            536
  -791.739          393.3            537
  -787.353        385.851            538
  -788.764        386.267            539
  -792.311         393.13            540
  -775.098        357.856            541
  -780.155        365.133            542
  -789.93          388.7            543
  -783.596        379.062            544
  -793.277        395.361            545
  -782.85        374.399            546
  -787.927        383.481            547
  -790.949        390.704            548
  -694.273        46.4954            549
  -702.102        147.436            550
  -790.192        390.421            551
  -791.152        390.678            552
  -791.978        393.175            553
  -704.563        162.924            554
  -789.506        385.798            555
  -783.842         374.54            556
  -788.007        384.205            557
  -786.387        378.455            558
  -787.9        384.125            559
  -771.136         339.55            560
  -790.36        389.383            561
  -784.726         377.47            562
  -788.526        386.675            563
  -793.858        395.142            564
  -693.189        107.979            565
  -763.364        321.576            566
  -787.344        381.831            567
  -752.07         299.75            568
  -790.095        389.223            569
  -793.137        393.877            570
  -794.963        396.694            571
  -793.119        394.035            572
  -794.185        395.257            573
  -792.878        394.247            574
  -786.866        382.052            575
  -791.521        391.233            576
  -791.965         392.35            577
  -779.931        373.737            578
  -788.145        381.247            579
  -773.862        353.993            580
  -795.05        396.262            581
  -785.911        378.326            582
  -794.786        396.377            583
  -794.562         396.36            584
  -788.301        385.094            585
  -785.631        375.717            586
  -794.317        395.475            587
  -785.905        376.803            588
  -703.287        129.861            589
  -729.363        247.559            590
  -783.75        372.995            591
  -794.189        396.139            592
  -788.897        385.902            593
  -791.684        390.838            594
  -790.037        386.706            595
  -696.899        96.3523            596
  -694.506        53.2965            597
  -793.177        394.017            598
  -793.636        394.801            599
  -793.96         395.02            600
  -791.587        391.767            601
  -793.11         394.13            602
  -793.771        395.546            603
  -734.702        223.689            604
  -790.664        388.939            605
  -786.455        383.122            606
  -695.427        60.0988            607
  -789.961        388.487            608
  -788.611        385.402            609
  -794.302        395.898            610
  -794.173        394.308            611
  -785.549        377.866            612
  -787.093        379.661            613
  -794.599        396.332            614
  -790.589        388.276            615
  -791.071        389.899            616
  -697.044        80.3793            617
  -784.654        379.777            618
  -795.315        397.305            619
  -787.568        382.642            620
  -791.079        391.169            621
  -750.206        305.977            622
  -792.655        393.329            623
  -697.231         35.484            624
  -788.589        384.477            625
  -758.396        308.626            626
  -791.062        389.592            627
  -766.783        343.038            628
  -793.488        393.905            629
  -789.448        386.117            630
  -699.651        140.967            631
  -695.203        143.772            632
  -695.558        101.529            633
  -783.123        368.647            634
  -693.039        78.3118            635
  -788.943        386.868            636
  -795.184         396.65            637
  -696.107        52.1881            638
  -792.469        392.351            639
  -696.3        63.9156            640
  -786.927         379.81            641
  -735.29        204.312            642
  -787.017        379.586            643
  -791.764        389.363            644
  -789.067         386.26            645
  -793.207        393.731            646
  -788.025        379.264            647
  -792.63        393.219            648
  -791.495        390.213            649
  -751.889        284.369            650
  -695.306        102.295            651
  -695.411         103.77            652
  -791.718        391.531            653
  -789.804        385.434            654
  -789.386        385.432            655
  -787.646        380.418            656
  -697.699        93.8204            657
  -785.368        375.219            658
  -793.505        394.225            659
  -795.364        396.667            660
  -790.433        388.042            661
  -738.036         232.68            662
  -795.65        397.261            663
  -793.169        393.873            664
  -791.525        389.726            665
  -786.799        377.432            666
  -792.948        392.801            667
  -791.491        391.518            668
  -790.936        388.096            669
  -787.23        380.409            670
  -792.483        392.444            671
  -793.042        393.854            672
  -696.672        82.9331            673
  -794.095        395.196            674
  -787.212        380.172            675
  -697.183        53.3402            676
  -791.581        391.285            677
  -766.566        315.386            678
  -696.984         46.486            679
  -792.541        391.991            680
  -696.352        110.379            681
  -793.689        394.944            682
  -698.249        116.521            683
  -785.854        374.906            684
  -789.209        385.311            685
  -785.114         379.05            686
  -791.552        390.553            687
  -791.663        390.831            688
  -786.566        378.154            689
  -789.762        387.075            690
  -794.368        395.042            691
  -789.647         387.52            692
  -792.785        391.804            693
  -786.288        376.311            694
  -788.645        382.481            695
  -696.224        90.2989            696
  -794.973        396.938            697
  -743.702        235.143            698
  -764.406        316.031            699
  -792.257        392.857            700
  -792.211        391.889            701
  -751.208         290.02            702
  -701.798        98.2504            703
  -703.636        147.801            704
  -696.244        115.228            705
  -791.144        389.561            706
  -793.624        394.207            707
  -792.395        392.661            708
  -696.683        64.5049            709
  -786.958          379.6            710
  -790.368        388.523            711
  -695.331        42.1854            712
  -792.718        393.029            713
  -787.244        379.162            714
  -793.544        393.692            715
  -792.737        393.193            716
  -791.191        389.425            717
  -787.671        378.148            718
  -788.373        380.629            719
  -791.928        388.139            720
  -792.91        392.316            721
  -794.283        395.028            722
  -787.956        382.371            723
  -791.453        387.994            724
  -789.832        384.566            725
  -794.623        395.551            726
  -789.073        384.889            727
  -794.489        395.816            728
  -792.121        389.819            729
  -793.321        393.989            730
  -795.726        396.687            731
  -707.792        148.287            732
  -791.034        390.074            733
  -794.044        394.747            734
  -790.046        386.539            735
  -793.473        394.359            736
  -784.255        368.982            737
  -792.992        393.138            738
  -732.227        184.217            739
  -789.486        384.911            740
  -698.273        54.0162            741
  -793.04        391.655            742
  -792.156        390.089            743
  -755.473        311.476            744
  -790.062        385.197            745
  -697.003         48.429            746
  -794.276        394.064            747
  -794.059        394.816            748
  -789.549        385.477            749
  -785.104        376.995            750
  -795.18        395.635            751
  -776.963        357.061            752
  -785.28        374.069            753
  -697.57        42.4854            754
  -789.155        385.444            755
  -792.407        391.656            756
  -793.77        393.987            757
  -792.913        393.528            758
  -792.706        392.458            759
  -789.053        385.108            760
  -791.401        387.269            761
  -787.486        380.268            762
  -787.612        381.368            763
  -790.963        389.332            764
  -784.424        373.592            765
  -782.23        366.773            766
  -793.033        393.184            767
  -791.557        389.234            768
  -747.958        258.853            769
  -795.387        397.096            770
  -790.205        384.988            771
  -789.611        385.593            772
  -795.182        396.624            773
  -790.088        389.677            774
  -789.874        387.505            775
  -788.418        382.948            776
  -787.892        380.569            777
  -794.015        395.118            778
  -794.336        395.754            779
  -696.969        65.1923            780
  -705.045        136.448            781
  -791.028        388.928            782
  -785.645        374.828            783
  -697.403        107.416            784
  -787.103        378.367            785
  -794.86        396.758            786
  -696.407        70.6709            787
  -792.888        392.726            788
  -790.388        385.706            789
  -793.853        393.248            790
  -789.997        385.133            791
  -792.646         391.27            792
  -794.053         394.57            793
  -793.97        394.448            794
  -696.156        83.0516            795
  -792.779        392.982            796
  -696.171        45.8369            797
  -794.561        395.767            798
  -788.886         382.17            799
  -791.905        390.423            800
  -794.302        394.849            801
  -796.274        397.908            802
  -790.092        385.402            803
  -795.721        397.197            804
  -789.525        383.503            805
  -773.757        344.665            806
  -791.693        388.223            807
  -790.515        389.389            808
  -793.068        392.514            809
  -782.306        368.802            810
  -730.461        229.065            811
  -750.828        275.968            812
  -794.637        395.557            813
  -792.948        391.565            814
  -792.201        389.362            815
  -787.642        381.225            816
  -793.028         391.98            817
  -792.01         389.91            818
  -792.225        390.486            819
  -793.727        393.539            820
  -794.689        394.665            821
  -793.582        394.182            822
  -734.96        233.621            823
  -787.146        378.828            824
  -732.776        207.481            825
  -795.646         397.22            826
  -738.21        217.045            827
  -790.391        386.862            828
  -795.165        396.285            829
  -776.434        356.786            830
  -790.72        386.775            831
  -705.736        149.803            832
  -783.606        370.646            833
  -791.151        388.741            834
  -792.556        390.829            835
  -790.134        385.471            836
  -793.333        391.563            837
  -794.105        394.208            838
  -793.979        393.955            839
  -782.171        370.014            840
  -791.558        388.145            841
  -792.333        389.753            842
  -793.884        393.689            843
  -793.858        394.531            844
  -791.664        388.925            845
  -698.619        111.234            846
  -791.372        386.111            847
  -793.283         390.83            848
  -722.709        183.687            849
  -795.092        396.151            850
  -794.91        395.464            851
  -694.732        72.8216            852
  -794.213        394.818            853
  -698.703        124.632            854
  -762.007        297.801            855
  -697.528        50.7266            856
  -698.04        72.2474            857
  -791.231        387.979            858
  -793.565        392.154            859
  -795.093        395.928            860
  -789.412        384.156            861
  -756.742        299.348            862
  -697.21        69.8934            863
  -791.991        388.803            864
  -792.971        391.457            865
  -794.351         393.91            866
  -793.347        391.735            867
  -697.825        50.9124            868
  -793.528        392.336            869
  -697.343        119.791            870
  -793.346        391.931            871
  -789.844        384.151            872
  -794.346        394.353            873
  -793.597        393.279            874
  -793.856        392.007            875
  -792.132          388.4            876
  -791.827        389.172            877
  -763.932        313.601            878
  -710.485        111.324            879
  -795.541         396.32            880
  -769.871        319.496            881
  -713.22        119.211            882
  -731.239        227.993            883
  -793.52        394.333            884
  -794.626        395.015            885
  -793.752        393.251            886
  -787.874        379.161            887
  -790.937        386.018            888
  -749.206        299.557            889
  -795.645        397.022            890
  -792.162        390.052            891
  -698.641        61.7108            892
  -793.832        393.158            893
  -697.016         62.736            894
  -792.299         390.88            895
  -790.522        385.475            896
  -793.699        392.087            897
  -795.198        396.102            898
  -696.632        68.2447            899
  -725.004        199.324            900
  -792.324        389.594            901
  -791.65        387.288            902
  -795.903        397.333            903
  -791.204        387.111            904
  -790.325        383.704            905
  -696.512        37.5828            906
  -793.596        392.961            907
  -792.767        391.187            908
  -696.37        63.3707            909
  -726.303        179.826            910
  -793.568        391.475            911
  -791.311        385.884            912
  -791.054        385.529            913
  -794.53        394.096            914
  -794.221        393.819            915
  -796        397.201            916
  -793.692        392.951            917
  -794.231        394.194            918
  -775.582         345.48            919
  -794.183        394.335            920
  -794.159        393.205            921
  -697.744        73.7983            922
  -756.966        281.924            923
  -794.576        394.773            924
  -791.944        388.971            925
  -698.281        76.4017            926
  -794.494        395.467            927
  -789.384        386.088            928
  -794.592        394.773            929
  -793.458        392.015            930
  -720.275        148.651            931
  -793.034        391.667            932
  -793.976        393.072            933
  -794.604         395.42            934
  -791.037        387.089            935
  -789.91        383.004            936
  -794.13        394.205            937
  -793.049        391.855            938
  -742.215        235.061            939
  -757.787        306.832            940
  -794.652        395.739            941
  -788.883        383.008            942
  -769.905            334            943
  -792.835        390.489            944
  -727.564        166.665            945
  -789.924        382.691            946
  -794.665        395.734            947
  -794.975        395.658            948
  -793.943        394.221            949
  -794.16        394.072            950
  -794.465        395.096            951
  -735.118        242.143            952
  -795.694        396.802            953
  -787.136        376.753            954
  -794.563        394.697            955
  -795.506        396.987            956
  -698.153        115.346            957
  -795.407        396.737            958
  -790.49        386.396            959
  -793.579        394.167            960
  -791.276        388.271            961
  -766.32        315.062            962
  -796.54        398.131            963
  -793.643        392.064            964
  -793.202        391.915            965
  -794.079        393.839            966
  -793.77        392.608            967
  -792.893        389.733            968
  -793.263        391.104            969
  -795.798        397.328            970
  -752.391        262.317            971
  -772.514        335.817            972
  -793.036        390.456            973
  -792.809         390.62            974
  -794.974        395.723            975
  -796.238        397.303            976
  -794.583        395.193            977
  -792.483        389.155            978
  -791.35        386.954            979
  -792        388.973            980
  -793.501        393.144            981
  -722.033         191.01            982
  -789.16        381.042            983
  -795.061        395.904            984
  -781.896        361.123            985
  -729.047         224.16            986
  -699.579        69.7832            987
  -698.964        71.4251            988
  -795.838        396.059            989
  -795.087        395.257            990
  -760.024        284.424            991
  -794.931        394.855            992
  -791.976        389.045            993
  -778.028        359.046            994
  -737.343        207.658            995
  -794.767        395.749            996
  -792.301        390.114            997
  -788.301        379.747            998
  -788.821        382.839            999
  -698.6        132.232           1000
  -795.704        397.177           1001
  -793.042        391.657           1002
  -789.188        381.719           1003
  -793.729        393.576           1004
  -732.716        231.636           1005
  -794.93        395.211           1006
  -792.719        388.916           1007
  -793.31        392.802           1008
  -791.243         388.24           1009
  -738.341         210.55           1010
  -795.929        396.965           1011
  -793.522        393.292           1012
  -796.067         397.53           1013
  -792.959        393.087           1014
  -793.371        391.718           1015
  -795.803        397.016           1016
  -792.248        389.662           1017
  -793.792        393.257           1018
  -794.873        395.892           1019
  -794.608        395.233           1020
  -796.58        397.777           1021
  -785.765        371.779           1022
  -795.101        395.947           1023
  -795.957        396.906           1024
  -794.88        394.472           1025
  -795.606        396.602           1026
  -759.357        289.357           1027
  -789.875        385.901           1028
  -791.141        387.967           1029
  -794.532        394.175           1030
  -735.465        225.296           1031
  -794.124        393.808           1032
  -775.121        349.549           1033
  -790.956        386.311           1034
  -793.755         392.91           1035
  -791.903        388.239           1036
  -795.024         395.61           1037
  -698.197        76.1445           1038
  -796.497        398.094           1039
  -795.969        396.985           1040
  -795.255        396.663           1041
  -772.998        323.532           1042
  -792.828        389.977           1043
  -698.395        112.835           1044
  -795.192        395.391           1045
  -797.182        398.706           1046
  -796.252        397.425           1047
  -795.832        396.828           1048
  -762.246         293.71           1049
  -793.493        393.021           1050
  -794.481        395.252           1051
  -696.487        53.0932           1052
  -792.486        391.052           1053
  -792.486        390.562           1054
  -782.567        367.697           1055
  -793.894         393.82           1056
  -795.315        396.611           1057
  -787.675        380.679           1058
  -790.206        384.856           1059
  -695.857        50.6075           1060
  -789.455        386.309           1061
  -794.972        395.962           1062
  -792.929        391.648           1063
  -697.128            100           1064
  -795.85        397.061           1065
  -793.152         393.31           1066
  -767.25        329.595           1067
  -794.715        394.923           1068
  -796.03        397.194           1069
  -788.875         383.17           1070
  -697.752        81.2829           1071
  -791.743        388.976           1072
  -796.108        396.919           1073
  -796.775        398.145           1074
  -795.334        395.846           1075
  -794.662        394.257           1076
  -697.382        90.5868           1077
  -793.677        391.286           1078
  -790.929        388.061           1079
  -794.393        392.859           1080
  -797.117        398.198           1081
  -697.726        80.9667           1082
  -796.403        398.035           1083
  -791.827        385.884           1084
  -796.111        397.375           1085
  -795.098         394.81           1086
  -794.399        394.053           1087
  -795.232        395.033           1088
  -794.961        394.812           1089
  -696.826        74.6624           1090
  -794.984        394.698           1091
  -753.505        284.086           1092
  -790.796        386.591           1093
  -795.751        396.514           1094
  -795.657        396.132           1095
  -717.807        181.338           1096
  -774.935        332.159           1097
  -793.785        392.443           1098
  -794.238        393.722           1099
  -793.404        390.816           1100
  -698.707        140.779           1101
  -775.256         348.35           1102
  -795.492        395.581           1103
  -796.17        397.147           1104
  -721.307        158.329           1105
  -751.465        255.127           1106
  -792.159        386.661           1107
  -794.26        392.921           1108
  -793.966        391.886           1109
  -790.195        384.888           1110
  -795.968        396.626           1111
  -796.59        397.626           1112
  -796.658        397.711           1113
  -716.948        131.675           1114
  -699.634        36.7444           1115
  -795.527        396.588           1116
  -795.746        396.342           1117
  -792.869        390.707           1118
  -755.95        290.222           1119
  -795.596        396.546           1120
  -697.913        55.8269           1121
  -742.542        225.888           1122
  -797.407        398.721           1123
  -794.082        391.998           1124
  -764.704        306.786           1125
  -792.643        389.178           1126
  -793.629        392.871           1127
  -795.645         396.19           1128
  -795.702          396.7           1129
  -735.175        228.777           1130
  -794.918        394.621           1131
  -696.597        70.1131           1132
  -792.943        390.413           1133
  -795.03         394.51           1134
  -795.76        396.189           1135
  -792.658        388.595           1136
  -794.364        393.923           1137
  -796.116        396.988           1138
  -696.948        109.161           1139
  -791.863        389.758           1140
  -795.33        395.784           1141
  -794.487         393.34           1142
  -794.282        394.304           1143
  -792.815        391.159           1144
  -750.355         263.75           1145
  -745.466        216.347           1146
  -791.498         387.44           1147
  -698.512        59.3275           1148
  -796.31        397.232           1149
  -795.019        394.463           1150
  -794.77        394.634           1151
  -794.24        393.844           1152
  -696.003        75.0616           1153
  -793.099        391.123           1154
  -791.304        387.261           1155
  -791.536        385.922           1156
  -697.829        67.7908           1157
  -719.827        163.093           1158
  -793.667        391.881           1159
  -794.203        393.564           1160
  -794.832        395.502           1161
  -769.129        315.232           1162
  -791.835        387.904           1163
  -795.687        396.136           1164
  -794.228        393.154           1165
  -792.062        387.719           1166
  -697.114        75.2494           1167
  -795.534          396.3           1168
  -794.525        394.407           1169
  -776.961        349.788           1170
  -793.65        393.513           1171
  -794.02        392.181           1172
  -791.874        385.194           1173
  -796.089        397.119           1174
  -780.112        351.324           1175
  -729.905        199.617           1176
  -795.086        395.426           1177
  -795.076        395.158           1178
  -795.542         395.91           1179
  -796.332        397.232           1180
  -794.269         393.05           1181
  -715.059        113.107           1182
  -794.948        394.588           1183
  -793.882        392.139           1184
  -792.868        390.184           1185
  -794.381         394.11           1186
  -795.023        395.088           1187
  -795.047         394.79           1188
  -697.803        91.4113           1189
  -697.287        68.2286           1190
  -794.663        394.512           1191
  -791.319        386.666           1192
  -796.114        397.276           1193
  -794.76        394.603           1194
  -757.506        299.202           1195
  -752.876         281.13           1196
  -794.236        393.094           1197
  -795.963         397.28           1198
  -699.196        72.9008           1199
  -775.12        340.845           1200
  -791.794         389.42           1201
  -778.29        351.784           1202
  -733.327        199.167           1203
  -699.605        78.5648           1204
  -750.363        251.016           1205
  -782.912        369.652           1206
  -797.22        398.348           1207
  -794.719        393.738           1208
  -795.772        395.469           1209
  -791.593        385.826           1210
  -795.346        395.508           1211
  -796.089         396.83           1212
  -760.745        307.136           1213
  -789.506        381.613           1214
  -704.303        103.175           1215
  -795.618        396.266           1216
  -783.823          367.9           1217
  -795.869        397.084           1218
  -792.627        390.482           1219
  -792.918        391.898           1220
  -782.575        356.541           1221
  -762.373        310.738           1222
  -794.293        394.769           1223
  -793.846        393.028           1224
  -792.199        388.741           1225
  -794.962        395.173           1226
  -774.657        348.952           1227
  -792.984        389.363           1228
  -778.718        359.222           1229
  -794.436        391.418           1230
  -794.106          392.9           1231
  -795.221         395.05           1232
  -745.152        260.688           1233
  -790.716        384.126           1234
  -792.12        387.085           1235
  -794.437        392.463           1236
  -791.02        384.703           1237
  -712.704        163.756           1238
  -796.384        397.616           1239
  -769.265        333.902           1240
  -742.746        263.014           1241
  -794.129        391.377           1242
  -795.382        394.867           1243
  -795.772        396.407           1244
  -701.802        105.245           1245
  -791.9        390.087           1246
  -779.118        359.618           1247
  -793.968        391.771           1248
  -792.881        389.247           1249
  -791.622         386.52           1250
  -760.093        308.357           1251
  -793.256        390.807           1252
  -796.741        398.065           1253
  -796.766        398.246           1254
  -695.621        52.4956           1255
  -793.904        392.975           1256
  -794.323        394.484           1257
  -792.887        390.436           1258
  -795.434         396.24           1259
  -797.067          397.9           1260
  -796.136        397.082           1261
  -792.184        388.518           1262
  -795.604        396.033           1263
  -791.747        384.995           1264
  -793.657        391.935           1265
  -795.194        395.267           1266
  -795.47        395.616           1267
  -697.233        65.0946           1268
  -794.812        394.367           1269
  -793.443        390.887           1270
  -795.607        395.891           1271
  -794.642        393.527           1272
  -796.255        396.619           1273
  -794.688        394.031           1274
  -793.71        390.598           1275
  -776.718        343.425           1276
  -770.387        326.948           1277
  -792.623        389.322           1278
  -795.706        396.064           1279
  -795.716        396.698           1280
  -796.921        398.184           1281
  -698.225        70.9969           1282
  -796.446        397.511           1283
  -791.919        387.645           1284
  -793.696        390.675           1285
  -697.642         75.703           1286
  -795.826        396.639           1287
  -795.189        394.262           1288
  -698.225        62.2901           1289
  -796.171        397.541           1290
  -794.857          394.9           1291
  -794.628        394.701           1292
  -697.534        69.1029           1293
  -755.58        281.065           1294
  -793.557        390.548           1295
  -796.358        397.577           1296
  -756.105        286.736           1297
  -791.676        388.347           1298
  -792.745        390.707           1299
  -791.892        386.054           1300
  -793.488        389.942           1301
  -750.74        240.424           1302
  -793.839        393.222           1303
  -796.006        396.956           1304
  -698.228        82.9073           1305
  -793.988        391.975           1306
  -795.425         395.46           1307
  -795.523        395.355           1308
  -743.997        268.452           1309
  -794.675        393.279           1310
  -792.113        386.761           1311
  -796.899         397.98           1312
  -794.053        393.493           1313
  -795.79        396.397           1314
  -759.811        282.294           1315
  -794.024         392.16           1316
  -785.418        372.577           1317
  -797.202        398.469           1318
  -793.346        390.282           1319
  -793.645        390.526           1320
  -796.587        397.696           1321
  -796.766        397.826           1322
  -793.95         391.54           1323
  -795.508        394.831           1324
  -794.648        392.949           1325
  -796.253        396.664           1326
  -698.514         68.214           1327
  -795.943        396.444           1328
  -792.238        387.171           1329
  -793.615        390.489           1330
  -794.585          393.5           1331
  -794.117        391.203           1332
  -795.31        395.382           1333
  -794.138        391.603           1334
  -791.676        386.448           1335
  -699.29        66.7605           1336
  -698.483        62.6776           1337
  -792.987        390.061           1338
  -697.595        120.363           1339
  -795.46         395.49           1340
  -794.401        394.152           1341
  -796.179        397.106           1342
  -794.228        392.987           1343
  -794.256        394.719           1344
  -792.28        387.432           1345
  -744.55        231.988           1346
  -774.521        347.323           1347
  -796.932        398.131           1348
  -792.999        389.598           1349
  -793.92        391.516           1350
  -795.088        395.612           1351
  -793.82        392.154           1352
  -794.105        393.734           1353
  -738.26        234.496           1354
  -793.913        391.569           1355
  -796.575        397.802           1356
  -697.247        53.1408           1357
  -794.342        393.486           1358
  -778.169        340.867           1359
  -697.188        65.9985           1360
  -793.69        390.866           1361
  -752.552        273.349           1362
  -794.18        393.284           1363
  -796.839        398.267           1364
  -796.161        397.355           1365
  -764.173        294.779           1366
  -795.008        395.068           1367
  -795.74         396.37           1368
  -796.497        397.191           1369
  -792.762        389.816           1370
  -795.122        394.885           1371
  -722.825        176.227           1372
  -793.535        391.363           1373
  -754.314          300.1           1374
  -792.335        388.858           1375
  -759.997        303.499           1376
  -796.142        396.883           1377
  -776.984        343.835           1378
  -795.803        396.764           1379
  -795.875        396.732           1380
  -792.518        388.873           1381
  -794.266        392.787           1382
  -744.194        288.396           1383
  -794.699        393.202           1384
  -795.578        395.879           1385
  -793.278        390.823           1386
  -794.247        392.728           1387
  -793.444         391.99           1388
  -795.891         396.75           1389
  -795.068        395.055           1390
  -796.595        397.488           1391
  -777.592        351.299           1392
  -763.179        320.672           1393
  -730.353        200.379           1394
  -765.408        306.529           1395
  -793.63        391.686           1396
  -795.17        395.475           1397
  -795.351        394.717           1398
  -795.337        395.142           1399
  -730.846         201.75           1400
  -794.55        391.859           1401
  -793.193        389.374           1402
  -796.048        396.974           1403
  -796.308        396.748           1404
  -737.825         221.54           1405
  -765.033        297.616           1406
  -795.193        394.527           1407
  -795.92        395.767           1408
  -795.915        395.753           1409
  -794.258        391.945           1410
  -795.008        394.118           1411
  -795.272        395.194           1412
  -794.74        392.273           1413
  -795.18         394.01           1414
  -794.437        393.295           1415
  -792.025        386.562           1416
  -761.211        306.922           1417
  -795.814        396.238           1418
  -796.186        397.102           1419
  -794.197        392.441           1420
  -793.202        389.958           1421
  -795.482        396.006           1422
  -792.661        389.338           1423
  -796.41        397.275           1424
  -796.435        397.453           1425
  -760.589        296.746           1426
  -697.486        86.6041           1427
  -791.459        384.992           1428
  -794.287         392.46           1429
  -697.897        91.0378           1430
  -781.982        358.091           1431
  -783.053        368.436           1432
  -698.881        62.8095           1433
  -698.29         87.834           1434
  -794.118        392.772           1435
  -796.847        397.791           1436
  -792.175        386.257           1437
  -795.463        395.554           1438
  -793.676        390.876           1439
  -796.344        397.485           1440
  -793.382        390.895           1441
  -782.374         363.58           1442
  -796.646        397.466           1443
  -795.74        396.086           1444
  -793.451         391.48           1445
  -795.635        395.373           1446
  -718.9        161.406           1447
  -796.953        397.983           1448
  -795.901        396.461           1449
  -793.768        392.808           1450
  -785.194        370.715           1451
  -734.623        190.789           1452
  -794.39        392.369           1453
  -796.501        397.076           1454
  -794.7        393.505           1455
  -750.099         266.44           1456
  -779.467        349.557           1457
  -697.339        84.4129           1458
  -796.34        396.954           1459
  -791.589        385.482           1460
  -742.669        252.182           1461
  -796.555        397.064           1462
  -790.649         385.34           1463
  -795.085         393.78           1464
  -796.784         397.84           1465
  -795.154        394.543           1466
  -793.756        390.586           1467
  -795.452        394.951           1468
  -796.025        396.602           1469
  -720.604        189.721           1470
  -796.166        396.957           1471
  -796.253        397.246           1472
  -796.38        396.904           1473
  -796.589        397.505           1474
  -797.174        398.241           1475
  -796.401         397.19           1476
  -794.808        394.246           1477
  -794.16        392.777           1478
  -796.468        396.928           1479
  -763.259        290.986           1480
  -778.155        357.693           1481
  -769.649        318.529           1482
  -796.34         396.67           1483
  -795.547        396.326           1484
  -794.131        390.855           1485
  -796.797        397.696           1486
  -698.464        89.0625           1487
  -794.847        393.692           1488
  -791.868        386.469           1489
  -796.846        397.887           1490
  -703.321        86.9443           1491
  -796.072        397.198           1492
  -794.73        394.312           1493
  -791.537        387.199           1494
  -783.896        367.312           1495
  -796.57        397.626           1496
  -794.595        394.242           1497
  -778.328        348.738           1498
  -778.391        341.988           1499
