# n = 1499
  -276             20              1
  -332             60              2
  -333.333        9.33333              3
  -366           39.5              4
  -368             68              5
  -394.667        6.33333              6
  -429.143        115.714              7
  -423.5           22.5              8
  -444             72              9
  -484.8             79             10
  -481.818        94.9091             11
  -493        43.8333             12
  -471.385        141.692             13
  -460.571        87.7143             14
  -433.067           57.2             15
  -471.5        104.125             16
  -542.824        203.882             17
  -502.444             84             18
  -476.842        99.4737             19
  -488            109             20
  -475.429        110.952             21
  -516        70.0909             22
  -486.783        39.5652             23
  -501.5          77.25             24
  -497.76         120.64             25
  -502.923        177.769             26
  -528.593        47.6296             27
  -520.857        95.9286             28
  -494.345        76.4828             29
  -547.2        33.0667             30
  -531.226         129.29             31
  -495.5        73.6875             32
  -509.576         90.303             33
  -527.176        51.1176             34
  -530.857            140             35
  -583.778        262.056             36
  -504.108        89.5676             37
  -547.789        180.895             38
  -521.333        162.103             39
  -540.2         118.35             40
  -532.683        131.073             41
  -554.667         134.81             42
  -535.814        159.023             43
  -535.091        54.1818             44
  -520.267        154.044             45
  -546.435        140.826             46
  -541.787        43.1489             47
  -534.667        168.958             48
  -556.98        214.327             49
  -516.24          34.96             50
  -542.51        107.373             51
  -583.462        228.846             52
  -555.245         169.66             53
  -570.148         209.37             54
  -529.018        100.582             55
  -544.5        111.464             56
  -537.614         51.193             57
  -537.655        138.655             58
  -549.017        102.508             59
  -522.867        52.1333             60
  -553.836        143.639             61
  -582.258        235.194             62
  -538.984        24.7937             63
  -573.188        219.875             64
  -599.262        256.554             65
  -548.424        182.182             66
  -541.194        31.0448             67
  -650.471        330.706             68
  -562.609        204.174             69
  -547.771        39.7143             70
  -571.944        221.465             71
  -591.333        231.611             72
  -564.164        177.836             73
  -585.946        205.703             74
  -569.12        170.933             75
  -629.474        283.158             76
  -557.247         147.87             77
  -525.59        46.1795             78
  -616.101        256.228             79
  -530.45          124.3             80
  -529.679        69.9753             81
  -554.098        69.0488             82
  -596.241        233.422             83
  -653.905        321.833             84
  -558.306        130.565             85
  -543.535        73.3721             86
  -613.977        267.402             87
  -550.773        62.2273             88
  -627.371         273.73             89
  -671.111            338             90
  -668.132         339.56             91
  -607.957        230.587             92
  -546.839        87.2473             93
  -614.681        225.362             94
  -640.968        300.126             95
  -629.875        278.312             96
  -622.351        245.526             97
  -547.918        66.7755             98
  -605.051            216             99
  -654.08         312.48            100
  -664.832        329.446            101
  -669.765        334.902            102
  -540.35        44.4854            103
  -557.654        50.0192            104
  -656.99        322.686            105
  -648.792        293.075            106
  -579.514        176.897            107
  -571.111        157.685            108
  -678.055        351.927            109
  -540.691        72.0182            110
  -623.351        260.486            111
  -674.821         339.25            112
  -562.195        58.7965            113
  -567.754        96.5965            114
  -651.374        316.557            115
  -586.931         159.69            116
  -551.658        62.4444            117
  -632.712        296.288            118
  -574.958        138.185            119
  -684.5        354.567            120
  -577.554        168.992            121
  -646.623         302.41            122
  -648.325        308.309            123
  -663.032        326.581            124
  -554.368         61.296            125
  -562.762        53.9841            126
  -591.118        185.291            127
  -633        278.547            128
  -590.264        175.814            129
  -642.123        286.154            130
  -605.282        218.198            131
  -600.545        229.576            132
  -676.241        345.609            133
  -671.313        344.209            134
  -559.111         95.437            135
  -630.912        282.015            136
  -565.372        95.2847            137
  -645.275        305.812            138
  -625.007        285.396            139
  -551.371        51.8286            140
  -549.73        58.2553            141
  -615.408        247.845            142
  -585.035        203.371            143
  -567.111        106.375            144
  -588.552        183.434            145
  -604.685        226.411            146
  -629.361        274.844            147
  -637.757        286.473            148
  -562.121        100.537            149
  -626.8        254.667            150
  -556.185        89.7351            151
  -586.158        156.342            152
  -618.327        251.307            153
  -660.286        326.792            154
  -643.329        286.465            155
  -556.846        65.5513            156
  -647.287        301.108            157
  -670.937        344.418            158
  -556.83        108.654            159
  -660.65        327.838            160
  -548.05         29.677            161
  -602.494        176.938            162
  -660.417        326.883            163
  -631.805        264.976            164
  -596.679        168.533            165
  -625.614        265.843            166
  -650.467        306.754            167
  -634.786        270.369            168
  -666.651        330.982            169
  -653.318        309.976            170
  -583.719        155.287            171
  -651.023         302.86            172
  -649.734        301.792            173
  -678.989        346.023            174
  -656.983        308.149            175
  -621.182        227.284            176
  -630.418        262.723            177
  -571.551            143            178
  -614.101        209.989            179
  -675.6        333.444            180
  -665.547        329.867            181
  -655.121        309.648            182
  -556.896        54.6557            183
  -654.348        305.359            184
  -615.178        208.184            185
  -624.946        266.333            186
  -655.572        315.091            187
  -631.574        283.638            188
  -626.349        273.979            189
  -626.526        233.221            190
  -666.22        325.257            191
  -676.146        346.875            192
  -615.212        211.534            193
  -666.289        321.351            194
  -678.605        342.882            195
  -624.082        255.816            196
  -673.32        337.096            197
  -644.747        282.131            198
  -679.055        345.447            199
  -566.84          93.95            200
  -634.965        259.303            201
  -674.297        338.267            202
  -684.394        354.552            203
  -682.882        349.245            204
  -609.015        211.971            205
  -627.165        252.388            206
  -683.362        351.478            207
  -690.712        360.144            208
  -663.407        314.182            209
  -616.571        213.952            210
  -684.417        346.436            211
  -625.792        268.868            212
  -655.624         307.54            213
  -669.981        322.047            214
  -664.223        317.516            215
  -642.389        254.981            216
  -682.028        344.995            217
  -684.587        344.028            218
  -653.096        291.114            219
  -645.982          285.2            220
  -633.448        269.339            221
  -674.324        335.694            222
  -561.489        60.2511            223
  -677.893        334.527            224
  -661.387        317.396            225
  -677.575        335.248            226
  -666.062        314.485            227
  -679        340.588            228
  -663.86        317.694            229
  -680.017        342.061            230
  -678.026        339.913            231
  -668.397        314.638            232
  -569.511        37.0558            233
  -650.154        290.316            234
  -686.281        349.915            235
  -635.644         242.22            236
  -668.405        315.266            237
  -566.252        94.2185            238
  -675.264         330.72            239
  -682.933        345.025            240
  -670.589        329.021            241
  -577.14        125.306            242
  -676.28        339.761            243
  -659.115        298.984            244
  -695.396        362.441            245
  -684.927        351.911            246
  -689.085         355.15            247
  -672.613        315.911            248
  -664.321        315.173            249
  -661.12        329.944            250
  -657.896        327.131            251
  -618.54        228.627            252
  -558.071        73.1383            253
  -666.772        335.693            254
  -638.008        261.976            255
  -641.516        274.016            256
  -596.42        168.591            257
  -652.667        316.078            258
  -632.664        275.568            259
  -654.523        319.154            260
  -660.429        318.383            261
  -662.748        311.969            262
  -639.072        278.646            263
  -644.288        276.636            264
  -645.449        309.125            265
  -656.331        316.248            266
  -662.936        324.689            267
  -643.522        288.821            268
  -674.87        335.814            269
  -661.867        321.244            270
  -616.812        214.554            271
  -597.044        168.853            272
  -650.505        302.154            273
  -670.131        338.577            274
  -647.549        298.705            275
  -671.333        340.471            276
  -665.776        333.856            277
  -662.978         323.36            278
  -672.459        341.125            279
  -589.743        156.286            280
  -635.075        250.705            281
  -637.83            259            282
  -642.375        272.671            283
  -639.521        262.577            284
  -663.607        326.175            285
  -676.294        345.063            286
  -662.077        320.571            287
  -632.611        245.965            288
  -672.471        340.526            289
  -676.372        345.924            290
  -623.065        207.395            291
  -627.808        247.507            292
  -661.338        322.177            293
  -635.143        264.905            294
  -629.125        244.278            295
  -635.676        251.912            296
  -663.636        324.687            297
  -642.55        255.624            298
  -675.532        341.197            299
  -652        300.567            300
  -660.226        307.482            301
  -642.305        260.901            302
  -656.119         293.01            303
  -650.618        308.151            304
  -680.341        348.872            305
  -574.301        110.569            306
  -675.401        343.707            307
  -661.429        315.545            308
  -679.197        344.155            309
  -671.058        335.658            310
  -654.624        289.717            311
  -614.872        210.628            312
  -624.153         224.69            313
  -675.159        339.834            314
  -661.575        308.959            315
  -615.114        229.215            316
  -683.546        349.918            317
  -564.063        48.0881            318
  -666.119        312.464            319
  -676.125        339.988            320
  -671.626        334.953            321
  -648.87        296.547            322
  -655.071        301.294            323
  -653.852        299.926            324
  -658.622        306.677            325
  -637.706        261.282            326
  -642.104        259.615            327
  -677.646        345.024            328
  -657.836        316.839            329
  -610.533        170.782            330
  -685.668        352.544            331
  -671.181         321.53            332
  -649.658        297.417            333
  -680.994         347.79            334
  -668.478        319.039            335
  -636.024        251.095            336
  -673.875        338.837            337
  -645.716        264.278            338
  -676.283        337.097            339
  -678.6        343.553            340
  -673.935        335.173            341
  -661.953        311.415            342
  -662.157        303.598            343
  -681.698        348.151            344
  -627.617        212.354            345
  -673.815        327.884            346
  -679.527        342.749            347
  -673.747        337.437            348
  -668.287        326.963            349
  -685.109        353.389            350
  -684.98        353.601            351
  -683.068        347.898            352
  -689.008        355.751            353
  -650.102        277.305            354
  -663.268        317.623            355
  -655.831        293.978            356
  -691.305        361.557            357
  -672.034        332.369            358
  -690.128        358.429            359
  -642.156        255.283            360
  -670.039        327.706            361
  -662.287         309.37            362
  -667.295        307.504            363
  -687.989        355.363            364
  -673.896        330.022            365
  -683.825        350.945            366
  -642.441         264.18            367
  -684.38         352.87            368
  -689.106        355.599            369
  -663.838        304.741            370
  -677.261        335.375            371
  -690.473        356.452            372
  -614.391        173.887            373
  -651.465        294.941            374
  -677.973        332.539            375
  -669.489        324.516            376
  -662.621        287.088            377
  -688.317        352.783            378
  -684.517        346.786            379
  -692.632        359.163            380
  -682.488        347.186            381
  -691.958        358.084            382
  -674.277        330.491            383
  -684.792        349.854            384
  -660.436        293.912            385
  -634.808        239.212            386
  -662.109        298.868            387
  -685.505         350.34            388
  -660.566        306.046            389
  -658.451        299.692            390
  -690.486        355.581            391
  -686.52        351.617            392
  -687.542        353.257            393
  -662.853         297.35            394
  -662.349        296.233            395
  -687.222        349.934            396
  -680.766        336.851            397
  -673.307        320.623            398
  -677.895        334.622            399
  -670        316.845            400
  -685.516        346.958            401
  -686.816         349.94            402
  -691.821        357.012            403
  -677.97        335.653            404
  -664.385        313.615            405
  -671.271        318.921            406
  -685.494        347.946            407
  -630         213.73            408
  -647.325        257.531            409
  -683.073        345.341            410
  -692.535        358.336            411
  -651.835        265.937            412
  -669.54        316.431            413
  -689.314        353.266            414
  -688.453        349.051            415
  -684.577        352.096            416
  -655.885        300.398            417
  -689.301        359.574            418
  -646.024        288.859            419
  -666.162         322.31            420
  -651.23        282.789            421
  -677.308        344.114            422
  -657.541        311.149            423
  -675.67        339.708            424
  -668.668        323.868            425
  -663.878        323.474            426
  -673.574        337.878            427
  -673.271        339.477            428
  -664.28        324.988            429
  -669.777        323.623            430
  -655.573        298.812            431
  -673.074        340.324            432
  -673.644        340.471            433
  -619.567        210.198            434
  -679.145        348.979            435
  -676.78        345.495            436
  -669.199        327.103            437
  -666.11        323.027            438
  -651.818        285.285            439
  -668.791        329.273            440
  -659.501         320.15            441
  -628.416        250.167            442
  -670.158        330.813            443
  -652.477        289.946            444
  -664.413        327.429            445
  -677.839        347.879            446
  -657.996        300.823            447
  -668.054        324.656            448
  -670.102        325.964            449
  -661.2        320.818            450
  -668.541        325.149            451
  -675.726        343.469            452
  -671.717        339.731            453
  -664.617        326.339            454
  -633.785        251.837            455
  -661.904        303.316            456
  -663.282        316.963            457
  -677.983        332.218            458
  -682.048        347.473            459
  -673.948        322.178            460
  -688.226        356.711            461
  -681.784        340.307            462
  -690.946        359.827            463
  -677.379        337.737            464
  -669.505        309.819            465
  -672.361        326.433            466
  -688.582        352.069            467
  -694.915         363.44            468
  -681.279        336.657            469
  -680.97        340.932            470
  -688.093         353.55            471
  -675.398        333.034            472
  -686.968        351.653            473
  -675.679        332.595            474
  -687.663        352.143            475
  -685.672        350.437            476
  -663.203        295.761            477
  -684.351        346.895            478
  -666.372        303.177            479
  -668.917        312.421            480
  -684.956        349.339            481
  -668.224        315.278            482
  -655.106        288.269            483
  -684.24        346.847            484
  -674.326        326.957            485
  -681.835        336.029            486
  -691.326        358.201            487
  -677.598        335.135            488
  -658.773        289.828            489
  -682.433        342.735            490
  -684.709        345.833            491
  -685.846        350.805            492
  -688.057        354.742            493
  -687.563        349.741            494
  -684.356        345.665            495
  -675.218        324.613            496
  -677.127        342.515            497
  -684        348.739            498
  -680.778        339.034            499
  -684.224        348.408            500
  -676.703        330.475            501
  -679.649        342.669            502
  -638.362        232.278            503
  -682.262        347.127            504
  -685.608        353.295            505
  -685.866        352.071            506
  -680.568        337.866            507
  -674.748        331.181            508
  -687.128        353.438            509
  -663.82        299.667            510
  -683.014        345.922            511
  -686.367        353.266            512
  -678.191        341.883            513
  -688.669        357.171            514
  -680.955        339.977            515
  -678.14        336.655            516
  -671.319        324.681            517
  -668.108        317.425            518
  -680.069        337.468            519
  -682.992        345.965            520
  -680.645        341.413            521
  -679.318        341.138            522
  -683.273        350.317            523
  -682.786        347.244            524
  -673.905        324.267            525
  -654.996        295.863            526
  -676.076        329.981            527
  -669.818        312.117            528
  -689.301        358.344            529
  -684.694        351.189            530
  -672.987         320.06            531
  -674.143        327.898            532
  -681.689         344.21            533
  -675.356        328.517            534
  -656.531        282.677            535
  -654.866        274.862            536
  -660.134        295.561            537
  -686.58        348.747            538
  -681.054        337.399            539
  -662.919        306.774            540
  -686.418        351.664            541
  -688.059        354.107            542
  -685.79        351.514            543
  -675.831        331.415            544
  -675.156        331.321            545
  -688.066        356.139            546
  -662.15        309.049            547
  -669.737         312.88            548
  -688.94        353.137            549
  -683.149        341.222            550
  -689.837        356.465            551
  -682.942        338.623            552
  -667.646        318.195            553
  -691.892        358.722            554
  -678.71        337.377            555
  -666.554        309.299            556
  -685.206        344.499            557
  -682.638        346.086            558
  -664.372        311.138            559
  -685.986        348.307            560
  -638.488        252.406            561
  -668.427         301.48            562
  -688.668        354.391            563
  -655.766        269.255            564
  -677.43        326.039            565
  -682.848        346.064            566
  -655.781        256.233            567
  -691.775        354.053            568
  -646.109        252.432            569
  -685.144        341.775            570
  -696.462        361.489            571
  -690.538        352.385            572
  -667.072        296.939            573
  -694.091        354.972            574
  -678.386        317.534            575
  -692.993        354.649            576
  -689.116        348.662            577
  -676.256        324.855            578
  -687.482         344.87            579
  -672.869        306.114            580
  -693.652        355.849            581
  -678.577        324.065            582
  -689.283        348.525            583
  -673.774        319.983            584
  -666.803         302.14            585
  -693.304        355.983            586
  -693.758        355.223            587
  -700.789        366.102            588
  -689.08        345.684            589
  -686.753        345.078            590
  -689.821        344.179            591
  -663.98        304.409            592
  -699.17        364.411            593
  -611.67        190.168            594
  -689.627        344.783            595
  -673.805         321.02            596
  -681.675        330.188            597
  -681.913        335.127            598
  -686.972        350.968            599
  -678.28         338.23            600
  -679.74        338.499            601
  -698.159        365.585            602
  -679.204         332.58            603
  -678.53        332.083            604
  -682.407        337.451            605
  -692.924        360.036            606
  -689.654        356.036            607
  -690.625        357.197            608
  -667.967        306.266            609
  -688.387        353.367            610
  -653.918        280.151            611
  -678.013        332.758            612
  -693.266        358.838            613
  -690.098        352.524            614
  -692.592        360.416            615
  -690.961        358.523            616
  -673.426        318.998            617
  -651.094        272.722            618
  -673.758         323.37            619
  -670.981        310.771            620
  -588.483        125.997            621
  -681.273        340.193            622
  -675.576        330.257            623
  -690.032        356.907            624
  -691.277        358.467            625
  -656.441        289.447            626
  -680.766        342.638            627
  -686.369        353.678            628
  -636.909        241.135            629
  -683.371         347.81            630
  -665.483        304.843            631
  -670.222        317.494            632
  -668.872        318.401            633
  -659.338        286.842            634
  -688.031        355.827            635
  -662.371        297.119            636
  -689.677        359.419            637
  -689.549        359.132            638
  -659.305        294.854            639
  -681.562        345.919            640
  -689.385        359.451            641
  -684.368        350.956            642
  -676.939         334.83            643
  -687.236        357.394            644
  -680.49        341.594            645
  -684.149        346.102            646
  -685.793        350.074            647
  -681.438        339.917            648
  -681.202        341.643            649
  -680.406        335.471            650
  -656.651        275.616            651
  -682.945        350.175            652
  -662.567        297.982            653
  -687.853        356.297            654
  -689.337        358.473            655
  -687.433         355.22            656
  -687.738        354.384            657
  -665.787        298.681            658
  -678.258        338.082            659
  -671.836        325.758            660
  -666.384        313.534            661
  -689.317        357.178            662
  -681.641        342.048            663
  -672.012        323.373            664
  -664.65         304.49            665
  -685.021        350.036            666
  -684.966        343.187            667
  -661.916        289.335            668
  -682.463        342.407            669
  -643.564        243.567            670
  -666.653        301.326            671
  -689.946        354.295            672
  -681.932        340.568            673
  -686.57        350.335            674
  -667.36         306.67            675
  -682.278        342.541            676
  -688.03        352.402            677
  -690.926        355.661            678
  -675.847        331.697            679
  -685.3        346.309            680
  -687.859        351.266            681
  -682.991        346.941            682
  -671.731        321.772            683
  -667.953        304.687            684
  -683.848        346.377            685
  -674.303        316.481            686
  -688.215        351.007            687
  -686.721        346.471            688
  -694.456        360.345            689
  -687.293        346.481            690
  -692.452        356.755            691
  -687.277        344.951            692
  -671.042        312.387            693
  -691.839         354.19            694
  -695.77        361.091            695
  -691.54        353.784            696
  -683.047        337.096            697
  -691.645        355.427            698
  -690.312        354.612            699
  -693.206        357.046            700
  -695.098        360.942            701
  -693.39        358.974            702
  -692.882        357.883            703
  -689.256        346.938            704
  -692.431        358.065            705
  -684.754        340.326            706
  -693.177        356.925            707
  -673.605        315.698            708
  -678.956        332.262            709
  -668.704        316.299            710
  -691.494        355.496            711
  -685.753        348.081            712
  -680.825        347.372            713
  -669.204        323.969            714
  -664.509        305.421            715
  -648.346        275.696            716
  -666.332         313.59            717
  -663.036        310.042            718
  -685.686        353.981            719
  -684.894        349.475            720
  -673.531        331.556            721
  -672.881          331.9            722
  -685.615        353.671            723
  -688.575        358.572            724
  -685.865        352.287            725
  -682.573        347.579            726
  -675.554        328.553            727
  -661.275        308.247            728
  -661.986        304.132            729
  -670.647        324.712            730
  -685.062        352.025            731
  -683.705        349.669            732
  -653.375        273.678            733
  -673.123        333.728            734
  -689.371        358.982            735
  -668.88        317.568            736
  -677.796        340.507            737
  -674.938        336.276            738
  -669.332        320.961            739
  -676.795        339.232            740
  -674.856        335.957            741
  -672.038         333.27            742
  -668.818        324.452            743
  -679.167        343.731            744
  -672.328        332.215            745
  -677.19        341.027            746
  -672.932         334.53            747
  -672.439        331.949            748
  -659.909        283.997            749
  -683.403        350.635            750
  -660.623        305.465            751
  -665.856         316.13            752
  -682.056        347.086            753
  -665.353        316.249            754
  -679.507        345.899            755
  -678.672        342.362            756
  -677.268        340.317            757
  -676.47        340.773            758
  -676.817        336.348            759
  -675.874        340.024            760
  -676.962        337.656            761
  -677.176        340.415            762
  -690.364        349.342            763
  -686.44        338.565            764
  -689.569        347.477            765
  -674.543        316.251            766
  -682.91        339.158            767
  -690.578        350.128            768
  -689.826        349.789            769
  -695.127        359.086            770
  -696.415        361.411            771
  -693.642        357.448            772
  -691.286        353.749            773
  -695.793        359.142            774
  -698.395        363.845            775
  -675.005        319.222            776
  -691.197        352.528            777
  -683.486            334            778
  -689.458        350.737            779
  -691.108        352.908            780
  -671.836        318.607            781
  -693.309        354.987            782
  -684.511        338.833            783
  -695.087        359.143            784
  -696.932        361.554            785
  -692.539        353.776            786
  -683.507         340.01            787
  -689.858        351.234            788
  -694.084        358.545            789
  -650.177        259.332            790
  -681.517        339.762            791
  -686.439         342.48            792
  -687.117         344.56            793
  -680.846        332.766            794
  -684.282        341.663            795
  -673.216        314.462            796
  -688.647        350.143            797
  -682.361        328.935            798
  -695.925          361.8            799
  -687.43        348.185            800
  -694.097        359.673            801
  -694.519        360.112            802
  -690.565        350.879            803
  -683.512        340.714            804
  -695.22        359.118            805
  -695.682        360.005            806
  -681.066        332.962            807
  -692.525         355.47            808
  -681.775         339.11            809
  -674.711        323.294            810
  -689.667        356.607            811
  -693.438        361.606            812
  -689.506        352.999            813
  -691.597        359.528            814
  -685.521         349.22            815
  -687.113        348.502            816
  -690.301        355.917            817
  -686.998        349.523            818
  -686.603        350.427            819
  -690.454        355.266            820
  -659.571        288.236            821
  -659.985        280.808            822
  -684.671        346.292            823
  -682.879        342.051            824
  -693.872        361.733            825
  -690.552        354.985            826
  -692.082        359.707            827
  -691.797        359.046            828
  -668.449        309.742            829
  -685.923         349.28            830
  -691.081        357.548            831
  -665.274        309.536            832
  -661.229         288.96            833
  -688.144        343.902            834
  -690.031        349.823            835
  -692.474        354.545            836
  -692.64        355.945            837
  -686.315        345.821            838
  -691.585        354.677            839
  -683.59         333.34            840
  -680.818        326.181            841
  -692.518        355.133            842
  -689.689         352.47            843
  -697.294        361.882            844
  -695.749        361.314            845
  -690.771        353.525            846
  -697.511         362.63            847
  -698.024        363.743            848
  -690.681        350.532            849
  -691.186        350.261            850
  -688.061         343.57            851
  -693.014         358.08            852
  -679.728        336.026            853
  -693.293        357.696            854
  -686.218        350.996            855
  -683.131        347.759            856
  -678.534        336.744            857
  -689.706        358.876            858
  -683.716        348.498            859
  -687.14        354.602            860
  -678.825        336.864            861
  -671.972        323.947            862
  -681.896        345.314            863
  -683.171        347.775            864
  -690.816        359.903            865
  -687.21        354.102            866
  -689.975        358.281            867
  -676.862        328.869            868
  -689.27        357.487            869
  -690.947        359.011            870
  -684.101        349.759            871
  -674.321        323.149            872
  -674.273        323.977            873
  -687.478        351.586            874
  -681.769        344.846            875
  -654.16        263.683            876
  -692.292        350.933            877
  -696.096        357.713            878
  -697.989         362.48            879
  -692.691        352.464            880
  -683.428        330.304            881
  -697.279        359.066            882
  -682.134        327.318            883
  -695.145        356.808            884
  -676.714        319.821            885
  -679.901        318.867            886
  -698.818        362.234            887
  -698.901        362.615            888
  -692.58        351.363            889
  -695.775         358.53            890
  -673.733        311.724            891
  -690.798        348.444            892
  -697.263        360.121            893
  -669.275        301.022            894
  -680.384        330.713            895
  -684.978        336.696            896
  -697.909        361.088            897
  -693.425        359.403            898
  -682.808         341.33            899
  -681.102        336.624            900
  -697.181        364.047            901
  -690.412        351.299            902
  -691.903        355.592            903
  -663.681        295.847            904
  -694.086        360.674            905
  -693.912        359.903            906
  -685.279        344.265            907
  -695.555        362.278            908
  -685.866         346.51            909
  -683.09        342.235            910
  -695.074        361.225            911
  -695.772        362.763            912
  -687.79        346.414            913
  -681.567        330.595            914
  -677.609        322.623            915
  -685.092        340.614            916
  -692.279        358.606            917
  -662.95        299.342            918
  -683.652        340.712            919
  -679.257        335.298            920
  -692.321        358.328            921
  -663.206        288.178            922
  -680.637         335.43            923
  -680.359        335.472            924
  -689.95        354.112            925
  -686.631        348.806            926
  -683.284        340.977            927
  -680.728        335.916            928
  -689.628         355.29            929
  -686.581        346.342            930
  -686.591        349.828            931
  -689.893        354.579            932
  -684.107        345.618            933
  -667.332        313.103            934
  -688.997        353.333            935
  -689.132        353.511            936
  -692.901        360.011            937
  -683.143        342.424            938
  -688.192        353.904            939
  -689.557        355.455            940
  -688.982        354.608            941
  -677.537        330.626            942
  -682.477        343.353            943
  -680.695        337.034            944
  -688.377        351.376            945
  -677.133        330.442            946
  -691.78        357.356            947
  -690.869        358.074            948
  -687.625        350.419            949
  -667.053        299.501            950
  -691.289         357.02            951
  -694.101        361.145            952
  -677.209        327.626            953
  -680.122        338.279            954
  -683.631        339.229            955
  -689.967        355.052            956
  -685.12        347.668            957
  -680.952        336.271            958
  -694.073        358.601            959
  -693.775        359.633            960
  -674.61        325.615            961
  -676.611        319.383            962
  -685.666        345.531            963
  -682.622        336.151            964
  -695.449        361.306            965
  -687.035        347.412            966
  -685.502        342.283            967
  -688.731        349.878            968
  -694.184        358.786            969
  -680.965        332.918            970
  -674.744        315.565            971
  -693.7        359.591            972
  -682.364        337.916            973
  -689.248        351.945            974
  -681.456        334.324            975
  -686.959        348.164            976
  -685.183        341.777            977
  -694.908         360.71            978
  -694.484        360.425            979
  -691.959        356.073            980
  -693.965        359.219            981
  -693.006        359.183            982
  -686.828        344.364            983
  -691.785        356.585            984
  -658.542        282.361            985
  -687.254        348.667            986
  -692.507        357.583            987
  -692.955         357.14            988
  -682.621         340.92            989
  -691.996        356.402            990
  -688.226        348.589            991
  -690.31        353.504            992
  -692.947        359.204            993
  -691.799        356.722            994
  -687.522        350.304            995
  -671.173         312.94            996
  -685.922        347.318            997
  -677.896        325.333            998
  -675.932        319.836            999
  -678.864        330.308           1000
  -684.2        345.425           1001
  -689.473        355.327           1002
  -685.607        345.805           1003
  -685.518        350.321           1004
  -693.242        360.076           1005
  -685.352        346.268           1006
  -666.483        305.259           1007
  -692.147        357.645           1008
  -688.991        352.664           1009
  -684.756         344.58           1010
  -683.964        340.071           1011
  -692.672        358.022           1012
  -675.309        328.132           1013
  -694.852        359.458           1014
  -682.03        336.158           1015
  -694.52        358.343           1016
  -693.585        356.448           1017
  -698.503        363.804           1018
  -691.227        348.589           1019
  -694.459        356.847           1020
  -695.428         359.32           1021
  -690.333        352.415           1022
  -691.593        352.905           1023
  -694.547        359.566           1024
  -693.76        357.011           1025
  -696.815        362.632           1026
  -695.108        360.093           1027
  -691.72        353.379           1028
  -694.157        357.786           1029
  -687.181        345.313           1030
  -694.301        360.048           1031
  -668.578        295.955           1032
  -682.439        336.348           1033
  -694.236        357.108           1034
  -699.185        364.916           1035
  -687.687        348.077           1036
  -680.864        325.196           1037
  -699.476        364.967           1038
  -683.095        338.639           1039
  -695.669        358.727           1040
  -678.294        322.903           1041
  -694.495        359.877           1042
  -691.693        353.277           1043
  -694.686        359.354           1044
  -690.802        349.816           1045
  -694.126        358.591           1046
  -675.179        315.956           1047
  -693.943        356.038           1048
  -694.753        358.301           1049
  -679.596        326.343           1050
  -693.435        359.102           1051
  -678.038        326.291           1052
  -694.75        359.873           1053
  -681.681        336.672           1054
  -694.973        360.779           1055
  -694.932        361.263           1056
  -687.41        346.259           1057
  -683.622        339.282           1058
  -693.756        360.144           1059
  -678.808        330.958           1060
  -687.555        346.467           1061
  -688.252          351.1           1062
  -692.779         356.69           1063
  -690.977        356.331           1064
  -695.801        362.011           1065
  -695.636        361.884           1066
  -693.061        358.549           1067
  -693.438        360.442           1068
  -687.293        351.396           1069
  -687.413        349.957           1070
  -687.111        349.373           1071
  -684.966        346.646           1072
  -688.108        352.011           1073
  -686.834        351.138           1074
  -693.366        360.225           1075
  -691.926        357.807           1076
  -692.446        359.528           1077
  -682.954        343.733           1078
  -691.648        356.465           1079
  -693.956        361.372           1080
  -691.719        358.729           1081
  -678.262         331.59           1082
  -688.384        352.504           1083
  -671.314        311.277           1084
  -693.541         361.65           1085
  -681.956        336.125           1086
  -692.589        360.269           1087
  -692.967        360.733           1088
  -690.942        357.534           1089
  -681.706        343.853           1090
  -691.894        358.777           1091
  -689.308        353.222           1092
  -689.676         355.68           1093
  -688.494        354.086           1094
  -685.622        346.639           1095
  -691.328        356.208           1096
  -688.693        353.037           1097
  -683.056        343.483           1098
  -683.123        343.405           1099
  -686.36        350.856           1100
  -663.535        290.145           1101
  -681.775        339.285           1102
  -689.966        355.659           1103
  -690.478            357           1104
  -692.916        360.342           1105
  -667.986        306.996           1106
  -687.111         349.42           1107
  -682.708        345.547           1108
  -689.273        352.952           1109
  -692.105        359.391           1110
  -677.393        331.446           1111
  -680        332.993           1112
  -694.48        362.068           1113
  -694.542        362.321           1114
  -693.396        360.375           1115
  -690.09        356.213           1116
  -692.347        359.098           1117
  -688.233        354.181           1118
  -692.325        359.453           1119
  -676.011        327.743           1120
  -680.475        327.632           1121
  -689.005         351.03           1122
  -690.757        357.065           1123
  -690.459         355.84           1124
  -693.369        360.471           1125
  -693.911        361.082           1126
  -692.646        359.185           1127
  -681.972        336.782           1128
  -686.778        349.081           1129
  -692.393        358.804           1130
  -678.504         326.11           1131
  -692.36        358.735           1132
  -691.838        358.034           1133
  -688.134        353.589           1134
  -690.911        352.409           1135
  -695.046        359.467           1136
  -693.555         359.39           1137
  -695.919        361.069           1138
  -686.023         339.73           1139
  -691.323         354.87           1140
  -696.782        362.221           1141
  -693.849        357.793           1142
  -693.827        357.143           1143
  -677.598        321.593           1144
  -690.134        353.658           1145
  -663.281        290.642           1146
  -691.899        355.873           1147
  -696.122        361.706           1148
  -692.084        354.221           1149
  -692.901        354.353           1150
  -690.37        352.026           1151
  -694.153         359.22           1152
  -687.275        344.692           1153
  -689.664        350.662           1154
  -691.688        356.137           1155
  -689.256         351.86           1156
  -693.936        359.091           1157
  -691.461        353.834           1158
  -681.232        328.399           1159
  -680.255        337.519           1160
  -691.239        352.737           1161
  -680.678        326.948           1162
  -691.515        354.163           1163
  -690.017        348.507           1164
  -694.208        358.151           1165
  -685.307        338.221           1166
  -694.756        360.416           1167
  -690.716        354.825           1168
  -689.458        352.852           1169
  -694.123        361.395           1170
  -693.079        360.161           1171
  -680.85        333.732           1172
  -691.512        355.819           1173
  -692.106        356.951           1174
  -683.891         339.06           1175
  -688.531        352.891           1176
  -693.57        360.935           1177
  -678.139        332.569           1178
  -693.143        360.388           1179
  -693.827        360.954           1180
  -676.816         328.31           1181
  -686.237        345.672           1182
  -686.289        347.082           1183
  -694.49        362.223           1184
  -687.865        348.049           1185
  -694.641        362.417           1186
  -684.711        341.393           1187
  -686.502        344.116           1188
  -686.56        347.891           1189
  -673.143        314.282           1190
  -687.993         347.73           1191
  -678.07        325.871           1192
  -675.635        320.714           1193
  -692.838        358.208           1194
  -691.608        356.341           1195
  -681.642        335.928           1196
  -690.122        355.703           1197
  -691.95        355.574           1198
  -685.458        346.429           1199
  -684.153        342.825           1200
  -681.146        334.598           1201
  -689.75        353.393           1202
  -691.179        357.205           1203
  -689.073        354.138           1204
  -689.809        354.271           1205
  -690        355.566           1206
  -690.396        355.795           1207
  -691.017        358.624           1208
  -686.094        349.361           1209
  -691.025        357.592           1210
  -679.118        328.259           1211
  -689.868         356.54           1212
  -692.366        360.223           1213
  -690.468        356.957           1214
  -665.781        293.835           1215
  -695.296        360.512           1216
  -695.237        360.973           1217
  -695.649        361.076           1218
  -674.139        316.312           1219
  -695.007        360.474           1220
  -690.663        354.301           1221
  -691.928        355.889           1222
  -695.071        361.155           1223
  -688.137        346.752           1224
  -694.913        358.171           1225
  -688.927        348.657           1226
  -697.369        363.773           1227
  -695.459        360.252           1228
  -696.641        362.124           1229
  -675.847        317.034           1230
  -686.102         349.34           1231
  -689.123        351.339           1232
  -684.843        343.468           1233
  -688.269        354.313           1234
  -689.435        352.476           1235
  -691.702        359.353           1236
  -691.127        358.432           1237
  -682.995        339.561           1238
  -690.544        357.007           1239
  -692.777        361.158           1240
  -694.047        362.332           1241
  -689.723        356.403           1242
  -691.81        360.471           1243
  -693.055        360.797           1244
  -695.544        361.097           1245
  -694.116        356.745           1246
  -691.766        351.597           1247
  -696.33         362.78           1248
  -695.516        362.288           1249
  -682.963        332.088           1250
  -695.68        361.504           1251
  -694.818        360.141           1252
  -691.512        352.279           1253
  -695.19        359.139           1254
  -663.458        277.267           1255
  -697.468        363.293           1256
  -672.411        302.172           1257
  -694.566        359.645           1258
  -695.825        361.223           1259
  -694.044        359.871           1260
  -689.345         348.55           1261
  -688.016        343.165           1262
  -696.155        363.544           1263
  -692.427        358.816           1264
  -693.875        360.278           1265
  -696.054        363.553           1266
  -687.845        344.873           1267
  -686.442        346.718           1268
  -682.496        337.023           1269
  -694.954        361.891           1270
  -680.356        335.248           1271
  -675.522        330.748           1272
  -687.199        349.112           1273
  -693.444        359.681           1274
  -694.472        359.545           1275
  -695.31        359.793           1276
  -696.814        363.715           1277
  -697.293        364.311           1278
  -688.694        345.127           1279
  -690.972        353.261           1280
  -684.765        335.333           1281
  -693.9         356.97           1282
  -695.102        359.534           1283
  -669.056        304.132           1284
  -696.003        361.567           1285
  -696.678        362.037           1286
  -692.479        357.074           1287
  -695.286        360.702           1288
  -696.258        354.389           1289
  -695.879        354.012           1290
  -696.985        356.256           1291
  -699.746        362.406           1292
  -700.863        363.749           1293
  -702.306        366.056           1294
  -699.008        359.954           1295
  -696.231        357.404           1296
  -696.373        356.558           1297
  -697.251        357.943           1298
  -699.846        363.852           1299
  -696.283        356.202           1300
  -697.337        358.155           1301
  -692.9        349.164           1302
  -697.977        360.706           1303
  -695.644        361.497           1304
  -693.962        358.449           1305
  -677.02        314.608           1306
  -678.953        318.713           1307
  -696.682        362.699           1308
  -683.82        335.355           1309
  -682.464        331.524           1310
  -694.31         359.13           1311
  -676.762        319.174           1312
  -694.66        359.666           1313
  -687.135        345.703           1314
  -672.134         305.43           1315
  -683.328        333.602           1316
  -694.864        359.595           1317
  -694.577        357.253           1318
  -696.279        361.146           1319
  -696.433        361.065           1320
  -692.563        353.652           1321
  -690.756        352.752           1322
  -689.959         347.66           1323
  -687.994        344.115           1324
  -693.995        356.652           1325
  -685.095        336.896           1326
  -693.679        355.153           1327
  -696.943        361.361           1328
  -698.345         364.08           1329
  -694.523        358.408           1330
  -686.569        339.513           1331
  -694.859          359.5           1332
  -688.498        347.887           1333
  -693.952        358.864           1334
  -695.694        360.232           1335
  -695.617        360.861           1336
  -692.401        353.858           1337
  -697.127         363.32           1338
  -689.589        350.157           1339
  -678.815         323.34           1340
  -694.735        358.333           1341
  -686.516        342.876           1342
  -697.975        364.305           1343
  -690.098        349.769           1344
  -696.113        360.657           1345
  -697.236        360.364           1346
  -684.823        336.042           1347
  -699.315        363.479           1348
  -696.385        356.385           1349
  -685.476        332.667           1350
  -699.061        361.562           1351
  -698.423        362.315           1352
  -693.035         350.72           1353
  -690.047        339.038           1354
  -699.445        362.444           1355
  -694.838        353.867           1356
  -682.871        329.313           1357
  -694.401        353.108           1358
  -700.574        364.656           1359
  -689.579        348.246           1360
  -654.748        267.173           1361
  -651.451         261.36           1362
  -650.045        259.081           1363
  -677.367        314.321           1364
  -655.267        269.036           1365
  -656.281        272.189           1366
  -684.679        339.822           1367
  -653.889        267.387           1368
  -690.913        347.797           1369
  -694.429         356.67           1370
  -654.979        268.734           1371
  -657.854        273.952           1372
  -655.505        269.133           1373
  -691.616        356.111           1374
  -680.457        323.901           1375
  -692.977        357.487           1376
  -695.344        361.134           1377
  -692.938        357.869           1378
  -693.668        358.274           1379
  -694.348        358.257           1380
  -692.684        356.264           1381
  -692.237         356.58           1382
  -690.38         352.35           1383
  -692.587        351.829           1384
  -693.51        358.683           1385
  -691.296        353.401           1386
  -692.721        361.814           1387
  -692.908        361.831           1388
  -694.105        363.024           1389
  -690.725        357.186           1390
  -677.101        325.737           1391
  -689.48        355.493           1392
  -687.785        351.954           1393
  -688.086        353.171           1394
  -683.859        348.026           1395
  -689.573        354.252           1396
  -688.759        353.424           1397
  -687.96        354.757           1398
  -690.728        357.923           1399
  -690.991        359.344           1400
  -681.83        343.142           1401
  -686.014        348.612           1402
  -679.515         336.49           1403
  -690.51         358.89           1404
  -691.399        360.036           1405
  -689.309        356.679           1406
  -684.847        347.537           1407
  -688.48        355.506           1408
  -687.906        353.828           1409
  -685.696        349.806           1410
  -688.78        355.987           1411
  -691.258        360.115           1412
  -676.444        331.952           1413
  -691.938        358.835           1414
  -681.136         337.07           1415
  -666.681         304.21           1416
  -684.147        343.603           1417
  -685.822        348.683           1418
  -687.479        350.094           1419
  -686.71        347.834           1420
  -690.353        355.921           1421
  -692.948         359.71           1422
  -690.895        357.193           1423
  -685.888         344.48           1424
  -691.534        358.598           1425
  -686.177        346.865           1426
  -695.131        360.973           1427
  -692.031        356.315           1428
  -692.095        356.967           1429
  -680.934        333.846           1430
  -691.27        352.805           1431
  -695.601        362.292           1432
  -695.291        362.159           1433
  -695.437        362.307           1434
  -696.011        363.003           1435
  -692.822        356.783           1436
  -691.056        354.427           1437
  -696.423        363.353           1438
  -688.603        348.823           1439
  -696.903        362.979           1440
  -695.731         361.28           1441
  -696.546        362.835           1442
  -695.925        361.769           1443
  -695.817        361.706           1444
  -693.891        358.616           1445
  -693.961        359.708           1446
  -683.314        333.149           1447
  -695.492         361.18           1448
  -694.816         359.17           1449
  -688.792         347.68           1450
  -696.788        363.136           1451
  -696.174        362.179           1452
  -695.213        361.679           1453
  -695.323        361.817           1454
  -682.856        332.396           1455
  -692.786        356.076           1456
  -696.288        362.681           1457
  -689.8        349.145           1458
  -680.088         326.61           1459
  -686.129        340.232           1460
  -692.86        355.227           1461
  -684.908        340.687           1462
  -692.167        353.675           1463
  -695.158        360.444           1464
  -689.898        349.246           1465
  -691.694        357.078           1466
  -690.432        355.108           1467
  -693.61         359.95           1468
  -690.581        355.587           1469
  -693.306        360.792           1470
  -685.659        342.741           1471
  -682.679        338.762           1472
  -685.83        344.071           1473
  -691.891        357.312           1474
  -679.525        331.704           1475
  -693.837        358.972           1476
  -694.486        361.415           1477
  -690.425        352.977           1478
  -689.555        356.648           1479
  -688.176        354.964           1480
  -670.717         309.81           1481
  -690.626        358.626           1482
  -692.521        361.029           1483
  -683.477        344.104           1484
  -689.193        354.832           1485
  -689.168         354.52           1486
  -692.589        360.777           1487
  -677.847        324.573           1488
  -683.578        341.616           1489
  -686.376        347.213           1490
  -690.058         357.07           1491
  -689.826         345.02           1492
  -693.447        352.926           1493
  -691.633        349.349           1494
  -697.068        359.498           1495
  -692.342        353.289           1496
  -696.62        360.445           1497
  -692.758        353.804           1498
  -696.87        357.991           1499
