# n = 1499
  -244             42              1
  -300             24              2
  -373.333             42              3
  -338           49.5              4
  -389.6           28.4              5
  -378.667        53.3333              6
  -377.714        90.8571              7
  -412.5          34.75              8
  -460        30.6667              9
  -442.8           80.6             10
  -449.091        69.4545             11
  -502        149.833             12
  -483.692        42.4615             13
  -456.857             46             14
  -485.6            178             15
  -435.25         84.375             16
  -489.647        33.8824             17
  -526.222        92.7778             18
  -484        52.4211             19
  -496.6           50.1             20
  -504.19        111.714             21
  -504.182        29.1818             22
  -492        117.652             23
  -477.833           29.5             24
  -561.12          229.6             25
  -477.385        87.8462             26
  -546.963        226.074             27
  -514.286        149.571             28
  -518.621        119.862             29
  -515.867        34.1333             30
  -500.645        67.2903             31
  -519.125         135.75             32
  -516.97        35.7576             33
  -486.235        29.2353             34
  -520.229           50.4             35
  -540.222        102.889             36
  -507.243         48.973             37
  -504.316        16.8421             38
  -496.513        43.7436             39
  -506.3          35.15             40
  -542.537        195.122             41
  -527.905        65.9048             42
  -549.86        139.721             43
  -529.455        94.4545             44
  -535.378        123.111             45
  -519.217        88.6522             46
  -518.383        56.5106             47
  -527.917        64.9583             48
  -557.633        149.592             49
  -527.92          68.92             50
  -542.196        33.1373             51
  -512.846           71.5             52
  -541.887        26.6415             53
  -570.222        219.852             54
  -565.382        190.909             55
  -645.071        315.107             56
  -544.702        130.632             57
  -546.138        156.655             58
  -599.593        229.458             59
  -550.667        134.333             60
  -550.23        88.0984             61
  -530.065        55.2258             62
  -598.984        257.746             63
  -499.5         33.625             64
  -552.369        158.492             65
  -613.273        279.636             66
  -533.194        25.4925             67
  -539.647        75.2059             68
  -588.696        261.275             69
  -603.6        260.914             70
  -533.859        50.5915             71
  -644.722        324.472             72
  -544.877        130.493             73
  -590.108            200             74
  -601.867        272.987             75
  -579.842        202.079             76
  -576        201.403             77
  -598.462        248.744             78
  -567.291         172.81             79
  -561.5          41.65             80
  -572.148        154.617             81
  -530.195        43.7317             82
  -559.518         61.012             83
  -542.476        92.9286             84
  -555.529        72.5882             85
  -555.581        36.6047             86
  -620.23        289.494             87
  -555.909        155.977             88
  -610.562        204.472             89
  -572.578        170.533             90
  -622.989        260.571             91
  -555.957        46.1522             92
  -594.839        220.086             93
  -620.468        242.362             94
  -640.211        295.579             95
  -605.25        233.396             96
  -634.969         299.67             97
  -660.612        320.857             98
  -622.505        273.758             99
  -625.28         260.94            100
  -621.347        261.505            101
  -600.275        222.765            102
  -596.854        193.417            103
  -571.269        187.519            104
  -556.229        155.695            105
  -617.623        268.377            106
  -549.047        110.037            107
  -559.074        70.8704            108
  -569.321        166.385            109
  -566.109            160            110
  -631.532        298.577            111
  -653.286        325.786            112
  -619.469        271.717            113
  -594.035        185.737            114
  -654.852        333.322            115
  -558.897        137.224            116
  -557.538        116.359            117
  -539.661        41.4915            118
  -654.218        325.529            119
  -596.433        241.083            120
  -581.818        193.405            121
  -544.295        79.6721            122
  -635.675        300.423            123
  -644.484        307.774            124
  -555.232         101.92            125
  -536.349        74.4286            126
  -625.953        270.047            127
  -551.438        35.3438            128
  -616.558        257.054            129
  -543.846        96.6769            130
  -566.382        147.496            131
  -615.636          226.5            132
  -584.752        177.143            133
  -610.358        232.194            134
  -651.052        313.393            135
  -646.353        308.309            136
  -662.131        322.788            137
  -652.406        313.406            138
  -603.367        215.252            139
  -610.914        209.271            140
  -572.681        40.8794            141
  -661.042        324.113            142
  -563.776        81.7343            143
  -618.222        240.819            144
  -569.49        131.821            145
  -644.082        290.438            146
  -681.959        347.782            147
  -630.703        251.284            148
  -560.188        40.7785            149
  -626.827         265.04            150
  -592.821        173.682            151
  -556.711        54.7632            152
  -677.098        343.516            153
  -580.805        159.364            154
  -677.265        342.142            155
  -675.41        340.962            156
  -599.516        194.331            157
  -657.899        302.468            158
  -647.572        282.616            159
  -681.125         343.25            160
  -639.155        273.478            161
  -554.222        70.3086            162
  -648.344        303.436            163
  -549.854        64.0366            164
  -627.709        260.861            165
  -611.976        202.193            166
  -655.808         315.76            167
  -559.524        70.9048            168
  -634.438        275.704            169
  -572.824        134.094            170
  -664.234         333.24            171
  -650.628        299.116            172
  -661.988        316.312            173
  -657.77        305.046            174
  -632.846        281.383            175
  -602.636        217.773            176
  -631.209        248.418            177
  -626.719         257.36            178
  -639.687        271.296            179
  -665.778        326.733            180
  -651.16        300.597            181
  -657.077        308.582            182
  -677.377        344.634            183
  -609.935        207.054            184
  -662.27          310.4            185
  -602.774        172.366            186
  -662.588         324.46            187
  -652.532        290.255            188
  -664.021        318.593            189
  -602.042        184.568            190
  -650.45        311.277            191
  -664.438        317.979            192
  -578.218        110.756            193
  -676.309        343.577            194
  -684.185        349.395            195
  -660.449        318.306            196
  -618.01        238.325            197
  -639.495        270.646            198
  -666.09        321.608            199
  -672.46         324.21            200
  -667.562         315.99            201
  -623.347        233.713            202
  -578.286        86.8571            203
  -661.804        311.706            204
  -621.249        229.854            205
  -635.922        262.922            206
  -695.478        358.918            207
  -661.538         305.01            208
  -658.89        312.239            209
  -578.571        78.9238            210
  -633.441        221.611            211
  -646.698        288.245            212
  -667.906          314.3            213
  -626.262        211.925            214
  -660.298        295.851            215
  -691.944        353.046            216
  -675.336        323.005            217
  -660.624        292.688            218
  -562.21        40.3744            219
  -675.364        319.682            220
  -686.009        344.072            221
  -683.622        336.982            222
  -669.256        311.022            223
  -690.393        345.973            224
  -589.813        151.538            225
  -657.274        301.106            226
  -654.714        294.564            227
  -670.667        308.737            228
  -681.415        335.581            229
  -630.87        223.235            230
  -669.662        322.156            231
  -698.103        361.336            232
  -652.824        270.043            233
  -680.65        332.556            234
  -687.387        345.489            235
  -683.559        341.322            236
  -679.781        343.907            237
  -670.218        330.504            238
  -640.502        262.335            239
  -691.717        353.083            240
  -664.929        310.465            241
  -690.347         353.19            242
  -648.263        277.918            243
  -681.115        338.943            244
  -649.159        271.567            245
  -673.187        331.789            246
  -682.04            344            247
  -670.355        313.677            248
  -675.341        332.795            249
  -669.328        325.128            250
  -632.127         229.92            251
  -647.54         294.73            252
  -684.3         349.51            253
  -677.118        330.528            254
  -662.729         306.91            255
  -567.359        80.6484            256
  -673.681         331.72            257
  -679.302        344.969            258
  -592.71        176.124            259
  -568.954        74.9615            260
  -688.966        357.004            261
  -674.443        329.107            262
  -692.38        358.046            263
  -667.985        311.447            264
  -652.121        292.242            265
  -686.18        351.541            266
  -652.974        291.034            267
  -676.776        339.284            268
  -578.825         102.03            269
  -668.43        329.644            270
  -660.723        302.295            271
  -678.412        341.066            272
  -686.359        352.242            273
  -683.109         346.73            274
  -663.869        319.149            275
  -666.174        317.007            276
  -671.394        322.303            277
  -662.518        306.705            278
  -673.462        323.771            279
  -628.029        221.257            280
  -644.712         278.69            281
  -690.383        357.447            282
  -686.869        350.488            283
  -689.127        353.641            284
  -675.116        328.681            285
  -674.601        329.182            286
  -651.568        276.118            287
  -657.208        296.931            288
  -662.408        301.439            289
  -657.186        296.738            290
  -667.01         318.99            291
  -684.534        349.596            292
  -687.358        354.519            293
  -684.925        347.714            294
  -633.315        245.634            295
  -674.216         328.98            296
  -684.202         343.96            297
  -637.893        254.671            298
  -602.194        145.505            299
  -676.507        334.433            300
  -686.379         352.89            301
  -683.828        347.205            302
  -573.597        79.4059            303
  -671.947        326.961            304
  -641.311        260.203            305
  -611.752        188.464            306
  -680.352        341.498            307
  -680        339.708            308
  -659.754        309.935            309
  -671.2        320.774            310
  -670.264        324.817            311
  -656.321        291.731            312
  -687.987        355.233            313
  -605.21        173.019            314
  -627.657        228.337            315
  -590.076        151.797            316
  -694.801        358.284            317
  -669.623        316.962            318
  -683.95        339.166            319
  -684.075        349.219            320
  -651.028        273.913            321
  -656.857        280.006            322
  -669.957        323.294            323
  -674.074        333.549            324
  -660.505        299.366            325
  -671.215        324.982            326
  -690.043        353.737            327
  -664.317        307.963            328
  -688.049        354.578            329
  -659.261         307.83            330
  -669.221        329.619            331
  -686.988        351.542            332
  -678.258        332.432            333
  -666.263        316.138            334
  -670.46        327.421            335
  -671.893        319.238            336
  -678.243        340.042            337
  -681.124        339.574            338
  -690.655        357.038            339
  -689.506        357.518            340
  -685.032        347.478            341
  -645.813        271.222            342
  -643.114        258.006            343
  -598.07        143.395            344
  -687.362        351.803            345
  -684.185         346.22            346
  -674.755        317.746            347
  -668.471        300.862            348
  -686.567        351.438            349
  -672.457         322.88            350
  -677.63        334.433            351
  -676.523        326.744            352
  -670.142        322.374            353
  -669.91        306.051            354
  -693.949        356.744            355
  -683.157        341.017            356
  -680.157        333.126            357
  -638.872        239.408            358
  -669.315        308.858            359
  -682.778        340.428            360
  -664.997        286.837            361
  -687.923         346.89            362
  -664.441        305.813            363
  -678.945        330.742            364
  -693.567        353.934            365
  -652.131        285.311            366
  -672.905        325.875            367
  -688.261        348.918            368
  -648.954        261.854            369
  -680.432        348.486            370
  -682.706        343.445            371
  -646.129         256.64            372
  -685.029        347.855            373
  -659.604        297.995            374
  -647.893        278.757            375
  -688.266        353.665            376
  -676.371        336.546            377
  -670.952        322.302            378
  -673.298        330.939            379
  -675.021        324.837            380
  -674.625        320.966            381
  -681.613        338.356            382
  -666.841        316.726            383
  -694.333        361.984            384
  -662.587        294.286            385
  -686.083        345.358            386
  -675.432        327.881            387
  -679.794        338.402            388
  -689.244        354.915            389
  -691.641        360.682            390
  -689.453        356.404            391
  -671.347         320.24            392
  -681.344        344.209            393
  -668.497        322.914            394
  -677.276        337.225            395
  -688.869        356.157            396
  -629.068        231.909            397
  -684.764        347.427            398
  -684.15        348.942            399
  -680.93        342.535            400
  -683.691         343.95            401
  -638.448         251.03            402
  -679.821        336.189            403
  -686.762            347            404
  -673.926        326.751            405
  -664.039        307.153            406
  -687.45         347.71            407
  -687.471        352.931            408
  -655.13        281.804            409
  -680.595        338.307            410
  -692.029        358.822            411
  -621.485         221.16            412
  -672.281        324.305            413
  -650.628        272.348            414
  -674.525        323.166            415
  -620.048        188.606            416
  -668.24        308.767            417
  -651.722         283.34            418
  -664.726        316.921            419
  -662.324        309.752            420
  -685.758        352.314            421
  -683.033        349.246            422
  -678.998        336.619            423
  -678.538        341.439            424
  -684.085        350.494            425
  -667.728        306.183            426
  -685.536        350.609            427
  -676.112        330.808            428
  -665.65        313.086            429
  -661.107        306.256            430
  -602.534        164.752            431
  -672.509        324.926            432
  -669.774        314.545            433
  -683.189        344.654            434
  -652.386        275.191            435
  -689.165        352.294            436
  -677.492        331.789            437
  -680.521        339.411            438
  -691.973        357.704            439
  -672.791        319.568            440
  -673.66        316.259            441
  -683.493        340.502            442
  -686.745        343.323            443
  -673.342        321.365            444
  -683.766        346.413            445
  -682.081        338.085            446
  -692.949        358.103            447
  -640.804         239.17            448
  -683.091        345.194            449
  -669.831        323.969            450
  -665.596        308.874            451
  -694.372        359.996            452
  -651.806         285.32            453
  -679.066        338.211            454
  -682.831        337.877            455
  -675.596        329.658            456
  -658.171        287.435            457
  -683.048        336.638            458
  -658.336        293.394            459
  -661.157        299.735            460
  -671.384        316.677            461
  -634.043        236.606            462
  -681.045        343.369            463
  -666.629        316.091            464
  -676.628        327.695            465
  -677.854        332.215            466
  -680.017        340.784            467
  -688.65        348.752            468
  -693.373        359.207            469
  -686.17        350.009            470
  -684.747        344.484            471
  -662.195        293.301            472
  -604.025        160.622            473
  -668.228        312.304            474
  -659.133        279.735            475
  -659.824        288.227            476
  -682.105        344.231            477
  -694.828         361.49            478
  -675.674        329.378            479
  -675.475        327.871            480
  -688.848         350.74            481
  -683.129        338.411            482
  -668.464          313.3            483
  -668.008        306.897            484
  -678.557        335.913            485
  -683.325        342.872            486
  -671.885        317.294            487
  -667.18        310.598            488
  -678.765        328.331            489
  -677.045        329.208            490
  -687.536        346.191            491
  -691.146        355.203            492
  -686.442        345.262            493
  -683.109        338.324            494
  -677.309        332.816            495
  -688.823        348.524            496
  -676.612        337.159            497
  -648.072        261.032            498
  -684.657        350.754            499
  -674.848        330.624            500
  -676.599        337.178            501
  -682.645        347.243            502
  -671.109        324.497            503
  -681.048         344.04            504
  -685.275        351.117            505
  -638.316        234.818            506
  -676.142        333.613            507
  -679.031        337.421            508
  -664.778        307.293            509
  -663.608        312.984            510
  -684.939        350.431            511
  -681.484        342.953            512
  -663.68         311.54            513
  -643.883        258.755            514
  -682.291        349.118            515
  -690.341         357.57            516
  -642.607         258.19            517
  -647.228        254.737            518
  -644.123        263.588            519
  -666.269        312.888            520
  -676.269        332.488            521
  -685.51        350.467            522
  -671.977        328.275            523
  -671.29        322.958            524
  -684.815        350.072            525
  -668.875        316.996            526
  -678.679          339.7            527
  -691.159        360.223            528
  -690.541        357.108            529
  -685.223        350.653            530
  -691.435        359.239            531
  -684.722        352.086            532
  -687.647        356.146            533
  -656.974        296.794            534
  -683.806        353.439            535
  -668.224        325.179            536
  -672.201        332.197            537
  -630.007        225.372            538
  -640.512        260.074            539
  -668.615        316.789            540
  -649.922        284.403            541
  -676.952        342.044            542
  -668.987         326.84            543
  -665.007        314.577            544
  -671.127        326.866            545
  -678.791        345.007            546
  -673.455        330.702            547
  -659.934        303.208            548
  -620.874        207.031            549
  -686.175        353.415            550
  -682.882        349.659            551
  -671.348        316.062            552
  -674.756        329.978            553
  -684.823        352.505            554
  -676.901        342.728            555
  -673.029        327.065            556
  -682.729        347.835            557
  -680.91        343.817            558
  -687.678        355.445            559
  -678.264        344.107            560
  -673.469         333.85            561
  -652.47        292.587            562
  -672.625        331.599            563
  -683.255        347.475            564
  -669.345        327.246            565
  -679.399        342.951            566
  -691.125        352.896            567
  -686.183        342.817            568
  -686.074        343.663            569
  -678.568        328.263            570
  -667.587        314.876            571
  -658.448        280.017            572
  -679.26        324.806            573
  -687.742        341.997            574
  -675.047        324.744            575
  -671.215        304.149            576
  -691.078         350.53            577
  -691.599        352.747            578
  -587.952        119.845            579
  -693.634        358.566            580
  -683.766         340.42            581
  -644.852        265.237            582
  -690.161        354.336            583
  -694.856        358.997            584
  -663.952        290.202            585
  -654.744        266.826            586
  -691.032        353.482            587
  -666.517        295.279            588
  -688.903        347.654            589
  -699.308        363.759            590
  -696.866        361.127            591
  -693.122        353.324            592
  -699.177        364.374            593
  -686.458        345.185            594
  -671.509        314.894            595
  -668.275        299.497            596
  -678.352        321.702            597
  -681.418        327.268            598
  -679.319        346.755            599
  -684.433         354.59            600
  -670.562        333.398            601
  -658.126        297.482            602
  -685.081        354.093            603
  -671.762        328.076            604
  -682.85        347.676            605
  -671.762        330.551            606
  -679.025        344.198            607
  -683.072        348.694            608
  -670.66         315.34            609
  -677.023        339.816            610
  -682.2        343.234            611
  -676.261        335.353            612
  -686.799        355.194            613
  -663.309        305.902            614
  -668.989        317.818            615
  -677.974        339.659            616
  -684.564        352.201            617
  -673.184        331.951            618
  -682.85        348.614            619
  -687.135        353.961            620
  -678.48        341.256            621
  -689.762         357.01            622
  -667.628        308.645            623
  -663.91        297.199            624
  -688.371        355.274            625
  -681.227        335.965            626
  -661.927        306.982            627
  -689.885        356.248            628
  -686.111        349.625            629
  -677.835         333.14            630
  -688.469        345.876            631
  -695.266        359.899            632
  -689.776         348.49            633
  -689.218        347.751            634
  -693.443        354.841            635
  -680.704        330.387            636
  -673.262        318.904            637
  -664.125        288.342            638
  -689.884        350.604            639
  -686.431        342.472            640
  -694.153        357.594            641
  -688.287          348.9            642
  -674.065         314.61            643
  -689.311        350.311            644
  -680.211        332.102            645
  -690.57        350.006            646
  -684.278        337.703            647
  -686.463        346.296            648
  -690.78        356.416            649
  -689.194        351.012            650
  -680.172        325.939            651
  -690.209        349.574            652
  -681.384        332.309            653
  -689.291         348.82            654
  -671.029        309.185            655
  -688.811        348.787            656
  -682.685        336.283            657
  -685.52        347.483            658
  -687.52        352.395            659
  -677.703        335.403            660
  -671.352        318.708            661
  -675.517        330.931            662
  -672.483        313.789            663
  -679.205         335.56            664
  -682.737        346.773            665
  -680.511        337.637            666
  -679.628        338.549            667
  -671.084        317.922            668
  -675.205        321.543            669
  -658.191        300.069            670
  -655.893        285.261            671
  -684.113        348.208            672
  -680.892        343.397            673
  -674.249        327.255            674
  -676.213         328.59            675
  -680.562        342.497            676
  -664.544         297.17            677
  -683.888        348.578            678
  -684.96        347.599            679
  -683.635        341.271            680
  -684.693        347.524            681
  -690.974        354.941            682
  -672.146        321.136            683
  -682.058        337.263            684
  -668.572        312.893            685
  -646.058        258.843            686
  -667.843        302.739            687
  -680.18        334.471            688
  -676.453         329.08            689
  -680.284        341.241            690
  -636.498        235.146            691
  -691.699        359.228            692
  -673.668        325.619            693
  -677.821        337.784            694
  -666.388        310.417            695
  -672.552        332.537            696
  -681.188        337.245            697
  -683.771         346.57            698
  -686.913        352.567            699
  -684.606        348.003            700
  -682.933        346.437            701
  -628.444        220.242            702
  -670.947        322.586            703
  -688.432        354.665            704
  -684.948        350.635            705
  -686.533        354.402            706
  -670.902        323.429            707
  -680.277        343.025            708
  -689.343        356.037            709
  -690.344        359.485            710
  -672.911        316.076            711
  -684.169        347.427            712
  -684.045        345.055            713
  -666.235        308.776            714
  -689.662         355.62            715
  -686.475         351.74            716
  -691.074        356.736            717
  -687.331         351.44            718
  -690.526        355.636            719
  -683.45        342.017            720
  -682.641        342.499            721
  -672.033        315.731            722
  -656.708        280.111            723
  -691.381        356.152            724
  -681.826         338.05            725
  -668.722        310.231            726
  -676.319        326.385            727
  -689.407        355.118            728
  -689.273        354.137            729
  -682.263        344.255            730
  -690.123        356.744            731
  -692.459        359.098            732
  -684.076        343.056            733
  -692.741        360.387            734
  -689.992        355.649            735
  -687.859        353.793            736
  -688.087        354.003            737
  -699.154        361.588            738
  -675.848        297.867            739
  -673.081        313.165            740
  -680.502        332.219            741
  -698.345         358.59            742
  -692.485        348.312            743
  -645.78        261.562            744
  -663.86         278.87            745
  -666.842        306.292            746
  -689.376        343.497            747
  -695.043        351.398            748
  -697.175        360.999            749
  -692.736        349.987            750
  -690.722        343.702            751
  -657.601        273.218            752
  -696.388        358.345            753
  -701.867         364.79            754
  -692.328        349.462            755
  -693.884        354.944            756
  -699.445        361.387            757
  -698.232        361.559            758
  -664.353        288.704            759
  -689.726        348.337            760
  -693.619        354.307            761
  -671.685        306.627            762
  -685.211        344.163            763
  -678.623        334.042            764
  -692.345        359.893            765
  -679.901        333.172            766
  -691.093        356.454            767
  -687.177        350.734            768
  -684.385        349.186            769
  -671.829        313.634            770
  -679.305         334.35            771
  -691.684        359.562            772
  -686.722        351.384            773
  -680.599        338.111            774
  -683.726        342.934            775
  -690.562        357.147            776
  -685.215        345.403            777
  -676.278         322.44            778
  -680.169        328.298            779
  -649.051        258.028            780
  -689.362        355.306            781
  -674.941         324.57            782
  -663.075        290.498            783
  -674.026        315.898            784
  -634.186         224.92            785
  -685.14        345.575            786
  -693.967        361.972            787
  -683.061        344.891            788
  -673.313        324.058            789
  -659.473        287.582            790
  -687.965        354.354            791
  -685.318        350.598            792
  -687.359        352.151            793
  -691.889        359.451            794
  -648.216        271.643            795
  -692.332        359.646            796
  -640.311        238.936            797
  -679.529         333.19            798
  -683.98        350.768            799
  -691.92         360.51            800
  -694.162        362.325            801
  -689.382        357.167            802
  -682.77         343.23            803
  -683.846        345.448            804
  -666.509        304.994            805
  -688.779        354.424            806
  -686.216        352.563            807
  -636.574        243.933            808
  -694.522        363.483            809
  -672.104        319.069            810
  -670.397        321.036            811
  -674.227        329.857            812
  -667.818        318.123            813
  -687.076        356.248            814
  -678.042        340.442            815
  -674.436        333.885            816
  -683.887        344.967            817
  -685.281        353.391            818
  -678.447        334.938            819
  -668.044        313.841            820
  -676.512        338.234            821
  -683.606        350.253            822
  -688.35        354.277            823
  -685.073        348.905            824
  -686.899        353.227            825
  -654.663        275.283            826
  -679.879         330.43            827
  -665.874        306.611            828
  -683.508        348.398            829
  -685.61        349.602            830
  -662.729        296.811            831
  -668.577        309.142            832
  -687.827        346.322            833
  -674.576        319.278            834
  -672.484         310.05            835
  -691.459        354.495            836
  -693.161        359.391            837
  -675.89        325.434            838
  -680.076        333.728            839
  -677.148        322.119            840
  -677.451        323.891            841
  -692.299        356.287            842
  -693.874        360.719            843
  -688.445        351.405            844
  -682.651        340.374            845
  -690.865        354.383            846
  -695.707         362.63            847
  -691.745        357.106            848
  -682.525        337.574            849
  -677.266        320.645            850
  -692.827        356.557            851
  -667.056        298.223            852
  -691.559        355.651            853
  -692.244        357.049            854
  -688.477         349.45            855
  -692.037        356.998            856
  -687.398        350.805            857
  -679.198        331.797            858
  -691.404        355.139            859
  -687.135        349.153            860
  -680.906        336.804            861
  -666.543        292.077            862
  -683.384        334.039            863
  -681.514        332.544            864
  -676.879        321.038            865
  -694.813        361.448            866
  -695.11        360.369            867
  -675.664        329.889            868
  -691.567        358.398            869
  -670.63        313.602            870
  -684.455        345.412            871
  -690.206        351.851            872
  -691.656        356.632            873
  -692.888        358.506            874
  -692.361        358.766            875
  -684.05        336.292            876
  -692.844        360.285            877
  -677.472        332.998            878
  -685.338        345.954            879
  -691.805        359.366            880
  -686.96        349.283            881
  -686.639        348.825            882
  -691.524        358.945            883
  -689.543        354.652            884
  -678.002        330.547            885
  -683.892        345.544            886
  -690.309        357.141            887
  -685.779        345.912            888
  -679.01        336.544            889
  -686.409        348.834            890
  -685.059        346.099            891
  -690.309        356.359            892
  -688.076        351.357            893
  -683.924        345.723            894
  -690.856         358.21            895
  -685.96        350.397            896
  -689.418        355.717            897
  -675.234        305.419            898
  -693.615        352.812            899
  -697.293         360.86            900
  -697.736        361.685            901
  -697.557        361.492            902
  -694.41        356.332            903
  -696.681        361.327            904
  -691.996        352.586            905
  -697.294        362.759            906
  -700.578        365.965            907
  -697.066        361.159            908
  -694.051        357.417            909
  -686.44        340.782            910
  -699.798        365.352            911
  -693.079        355.318            912
  -686.738        335.279            913
  -677.891        321.317            914
  -696.494        359.816            915
  -675.934        324.419            916
  -683.891        338.696            917
  -680.214        331.037            918
  -681.362        336.172            919
  -690.474        355.857            920
  -683.409        344.849            921
  -689.709        356.668            922
  -684.585        345.365            923
  -678.567        338.245            924
  -687.001        347.814            925
  -689.456        354.259            926
  -687.487        353.307            927
  -692.276        359.741            928
  -686.678        350.075            929
  -689.454        355.232            930
  -684.485        346.073            931
  -694.773         362.44            932
  -683.194        336.707            933
  -692.373        359.403            934
  -681.117        341.934            935
  -679.295        335.062            936
  -692.414         348.89            937
  -699.002        363.326            938
  -700.55        365.299            939
  -693.209        353.098            940
  -693.96        355.692            941
  -693.295        354.433            942
  -692.954        354.683            943
  -681.496        335.002            944
  -700.715        365.532            945
  -670.816        296.985            946
  -692.19        351.092            947
  -684.072        334.365            948
  -696.898        358.641            949
  -684.775        332.013            950
  -699.525        364.551            951
  -698.029        360.947            952
  -677.906        317.547            953
  -686.122        341.541            954
  -688.23        342.863            955
  -687.937         339.95            956
  -683.946        355.323            957
  -658.998         308.14            958
  -679.116        345.283            959
  -680.729        349.115            960
  -667.48         323.85            961
  -670.062        326.462            962
  -679.24        343.514            963
  -677.759        343.392            964
  -685.55        357.527            965
  -682.373        352.975            966
  -642.354         261.27            967
  -670.409         333.74            968
  -678.617        347.614            969
  -675.93        343.707            970
  -682.875        353.448            971
  -678.881        347.685            972
  -668.288        324.666            973
  -685.548        357.207            974
  -667.569        324.078            975
  -678.332        329.951            976
  -681.232        324.981            977
  -670.446        306.716            978
  -680.319        330.018            979
  -693.478        357.394            980
  -686.789        346.039            981
  -691.251        355.487            982
  -691.703        356.391            983
  -687.553        346.608            984
  -690.29        354.187            985
  -690.024        351.716            986
  -694.144        361.191            987
  -681.757        340.585            988
  -682.115        335.199            989
  -691.483        356.341            990
  -694.797        361.806            991
  -695.173        362.756            992
  -691.557        355.609            993
  -692.696            359            994
  -692.149        357.339            995
  -690.016         355.88            996
  -675.595        325.352            997
  -684.445        347.555            998
  -678.551         329.57            999
  -687.124        349.562           1000
  -681.307        336.829           1001
  -690.08        356.565           1002
  -691.509        357.807           1003
  -690.398        355.548           1004
  -690.018        354.324           1005
  -685.567        350.368           1006
  -692.584        358.912           1007
  -692.528        359.252           1008
  -687.639        352.327           1009
  -692.012        358.376           1010
  -677.25        326.042           1011
  -674.767        325.093           1012
  -683.21        340.881           1013
  -692.718        351.258           1014
  -693.647        358.443           1015
  -696.102        361.673           1016
  -689.896        349.105           1017
  -673.485        315.487           1018
  -690.779        354.055           1019
  -673.576        305.284           1020
  -690.405        352.556           1021
  -681.558        330.505           1022
  -689.267        348.285           1023
  -691.402         352.67           1024
  -691.875        354.812           1025
  -688.916        348.175           1026
  -681.02        337.326           1027
  -696.035        361.877           1028
  -690.927        351.508           1029
  -692.536        353.909           1030
  -685.191        344.066           1031
  -689.756        351.785           1032
  -691.113        355.189           1033
  -687.389        347.667           1034
  -693.573        359.778           1035
  -690.764        354.668           1036
  -691.927        356.019           1037
  -688.933        352.301           1038
  -684.454        345.496           1039
  -683.404        342.329           1040
  -690.067        354.701           1041
  -687.697        350.814           1042
  -679.337        333.749           1043
  -680.847        333.466           1044
  -657.217        279.525           1045
  -691.598        357.881           1046
  -694.751        362.478           1047
  -670.813        310.063           1048
  -687.912        351.049           1049
  -687.981        350.916           1050
  -683.6        343.589           1051
  -684.004        341.536           1052
  -692.486        359.404           1053
  -686.972        348.235           1054
  -679.333        330.463           1055
  -677.538        327.333           1056
  -691.955        357.302           1057
  -685.958         347.76           1058
  -677.246        323.311           1059
  -690.208        356.002           1060
  -694.251        361.229           1061
  -690.35        354.499           1062
  -694.258        361.626           1063
  -693.797        360.765           1064
  -688.582        354.216           1065
  -689.325        354.914           1066
  -689.567        353.859           1067
  -688.981        354.704           1068
  -690.926        356.168           1069
  -674.901        315.621           1070
  -690.301        355.767           1071
  -661.049        284.604           1072
  -687.467        352.034           1073
  -686.142        350.695           1074
  -680.257         335.07           1075
  -692.442        360.013           1076
  -684.761        344.849           1077
  -680.315         340.77           1078
  -691.729        358.665           1079
  -693.778        361.487           1080
  -692.044        358.544           1081
  -684.27        344.322           1082
  -676.728        322.909           1083
  -689.55        355.485           1084
  -696.269         363.46           1085
  -684.007         344.74           1086
  -679.58        331.858           1087
  -690.691          353.5           1088
  -683.794        336.955           1089
  -680.444        332.442           1090
  -669.144        295.725           1091
  -686.114        341.703           1092
  -692.296        358.353           1093
  -695.634        362.519           1094
  -691.953        355.801           1095
  -679.011        325.613           1096
  -684.04        341.865           1097
  -694.973        361.262           1098
  -690.577        355.816           1099
  -684.258        337.862           1100
  -692.883        355.088           1101
  -686.025        351.528           1102
  -682.441        335.536           1103
  -685.156        347.621           1104
  -688.786        354.874           1105
  -691.906        358.644           1106
  -686.627        349.384           1107
  -672.101        314.819           1108
  -691.859        358.009           1109
  -688.62        353.766           1110
  -690.405        355.935           1111
  -685.543        347.462           1112
  -690.703        356.922           1113
  -692.298        359.727           1114
  -686.199        350.194           1115
  -686.258        347.324           1116
  -692.211          358.5           1117
  -690.476        354.352           1118
  -685.609        351.055           1119
  -686.211        351.071           1120
  -683.161        341.996           1121
  -682.025        343.526           1122
  -685.414        351.813           1123
  -654.046        273.861           1124
  -687.943        354.012           1125
  -665.794         298.68           1126
  -663.425        292.758           1127
  -681.113        339.684           1128
  -690.831        359.658           1129
  -683.565        343.442           1130
  -664.007        300.097           1131
  -683.353        342.233           1132
  -692.572        361.654           1133
  -681.7        338.049           1134
  -686.936        351.524           1135
  -684.736        345.935           1136
  -688.697        355.272           1137
  -687.132        352.826           1138
  -682.788        344.658           1139
  -687.404        353.633           1140
  -688.964        354.663           1141
  -664.893        304.145           1142
  -685.403        344.933           1143
  -691.245        359.138           1144
  -688.003        354.741           1145
  -684.108        345.089           1146
  -684.136        343.451           1147
  -689.54        354.077           1148
  -677.535        329.896           1149
  -687.405        349.452           1150
  -672.153        317.555           1151
  -694.906        360.875           1152
  -695.289        361.447           1153
  -693.685        358.104           1154
  -689.946        352.206           1155
  -693.72        357.223           1156
  -692.812        356.066           1157
  -693.851        359.382           1158
  -696.331        361.838           1159
  -692.621        355.905           1160
  -688.441        350.889           1161
  -690.836        352.585           1162
  -692.347        354.905           1163
  -696.151        360.885           1164
  -683.873        330.388           1165
  -685.753        341.714           1166
  -695.688        361.104           1167
  -683.079        344.503           1168
  -685.427        348.616           1169
  -694.482        362.159           1170
  -691.33        357.341           1171
  -687.765        352.258           1172
  -673.749        322.184           1173
  -689.721        354.223           1174
  -687.816        351.399           1175
  -690.867        358.398           1176
  -688.224        351.405           1177
  -691.046         355.11           1178
  -683.467        343.717           1179
  -690.905        357.163           1180
  -693.223        361.016           1181
  -689.743         354.25           1182
  -679.341         335.38           1183
  -697.422        362.206           1184
  -686.947        342.653           1185
  -687.892        343.329           1186
  -679.323        318.923           1187
  -692.774        352.626           1188
  -698.789        364.469           1189
  -698.353        362.496           1190
  -698.744        363.253           1191
  -694.926        357.037           1192
  -675.983        306.292           1193
  -696.285        358.626           1194
  -691.401        348.151           1195
  -698.753        363.423           1196
  -696.936        360.795           1197
  -662.915        280.544           1198
  -695.013        359.723           1199
  -693.287         355.31           1200
  -689.449        347.184           1201
  -694.799        358.631           1202
  -689.789        350.288           1203
  -691.405        351.583           1204
  -688.607        341.305           1205
  -693.99        357.156           1206
  -696.722        360.437           1207
  -694.397        356.901           1208
  -699.127        364.314           1209
  -696.714        359.324           1210
  -698.084        363.186           1211
  -695.208        358.277           1212
  -698.008        361.664           1213
  -693.799        352.552           1214
  -690.686        344.296           1215
  -696.438        360.531           1216
  -692.286        353.466           1217
  -689.658        345.005           1218
  -698.635        363.255           1219
  -697.174        362.718           1220
  -697.461        361.242           1221
  -692.841        354.709           1222
  -694.361         357.23           1223
  -684.765        337.967           1224
  -695.249        356.402           1225
  -692.049        351.803           1226
  -698.921        364.093           1227
  -695.87        358.979           1228
  -685.552        337.138           1229
  -686.26        347.413           1230
  -679.873        335.883           1231
  -685.565        345.839           1232
  -692.513        358.754           1233
  -692.807        359.182           1234
  -692.139        357.861           1235
  -690.515         355.27           1236
  -691.816        357.554           1237
  -692.023        357.557           1238
  -687.881        348.575           1239
  -680.081        336.465           1240
  -680.948        333.185           1241
  -688.039        352.564           1242
  -689.384        352.163           1243
  -691.865        357.223           1244
  -689.953        352.863           1245
  -685.339        347.197           1246
  -691.631        357.634           1247
  -695.304         362.38           1248
  -693.262        359.456           1249
  -692.906        359.195           1250
  -677.461        330.181           1251
  -692.294        358.214           1252
  -683.579        337.713           1253
  -689.391        353.195           1254
  -685.852         344.76           1255
  -686.583        346.506           1256
  -687.978        349.169           1257
  -685.215        346.428           1258
  -686.904        346.348           1259
  -691.832        351.465           1260
  -699.118        364.936           1261
  -679.464        330.307           1262
  -699.142        365.162           1263
  -669.19        291.972           1264
  -696.879        361.725           1265
  -695.712        360.476           1266
  -694.69        358.942           1267
  -698.35         363.11           1268
  -689.592         345.27           1269
  -689.953        345.972           1270
  -696.274        360.504           1271
  -696.151        359.347           1272
  -697.005        361.662           1273
  -697.586        361.874           1274
  -672.725        323.263           1275
  -678.489        341.143           1276
  -686.772        355.204           1277
  -682.335        346.185           1278
  -687.281        356.005           1279
  -654.306        282.069           1280
  -682.504        347.218           1281
  -680.708        346.281           1282
  -684.895        351.751           1283
  -683.336        347.081           1284
  -685.407        351.303           1285
  -687.166        354.729           1286
  -679.63        339.731           1287
  -670.463        325.051           1288
  -688.996        350.627           1289
  -695.157        361.146           1290
  -693.156        358.572           1291
  -689.907        353.139           1292
  -688.142         351.91           1293
  -693.357        358.856           1294
  -671.466        310.531           1295
  -692.185        358.054           1296
  -670.131        309.337           1297
  -683.744        339.482           1298
  -683.831        340.273           1299
  -678.132        331.402           1300
  -676.79        330.593           1301
  -691.217        355.172           1302
  -680.12        335.229           1303
  -685.288        341.722           1304
  -687.954        348.668           1305
  -675.562        312.806           1306
  -685.705        340.562           1307
  -693.936        359.073           1308
  -678.377        318.567           1309
  -691.273        354.156           1310
  -690.099        351.536           1311
  -689.049         350.02           1312
  -690.358        350.874           1313
  -694.006        360.988           1314
  -693.39        358.281           1315
  -695.316         362.05           1316
  -694.651        361.054           1317
  -686.121        345.945           1318
  -685.125        348.293           1319
  -686.773        346.986           1320
  -674.083        319.232           1321
  -686.499        344.531           1322
  -670.295        313.967           1323
  -690.595        354.535           1324
  -691.617        358.189           1325
  -681.122        337.344           1326
  -687.361        351.057           1327
  -691.524        358.881           1328
  -693.348        360.424           1329
  -694.65        362.598           1330
  -691.402         357.47           1331
  -687.547        342.372           1332
  -686.533        343.902           1333
  -693.55        357.873           1334
  -691.652        356.078           1335
  -688.695        351.117           1336
  -696.356        363.053           1337
  -693.901        358.919           1338
  -690.321        351.597           1339
  -677.937        321.484           1340
  -689.772         350.82           1341
  -693.618        357.821           1342
  -692.882        357.227           1343
  -681.92        336.376           1344
  -694.355        358.871           1345
  -691.465         354.84           1346
  -682.417        339.498           1347
  -694.525        359.767           1348
  -694.989         359.84           1349
  -694.779        359.696           1350
  -693.06        356.961           1351
  -691.796        353.825           1352
  -683.279        336.832           1353
  -691.578        355.852           1354
  -682.19         331.63           1355
  -692.177        355.254           1356
  -692.955        355.125           1357
  -683.723        338.274           1358
  -692.486        356.879           1359
  -679.712        336.404           1360
  -682.633        343.785           1361
  -684.305         347.95           1362
  -656.921        286.857           1363
  -681.938        342.644           1364
  -681.325        342.646           1365
  -686.668        351.376           1366
  -684.334        348.606           1367
  -683.851        347.554           1368
  -681.683        337.407           1369
  -679.985        340.891           1370
  -664.382        300.449           1371
  -671.426        316.214           1372
  -682.057        343.095           1373
  -693.007        355.169           1374
  -694.528        358.724           1375
  -695.131        360.481           1376
  -695.3        361.111           1377
  -694.029        356.412           1378
  -695.127        358.908           1379
  -686.443        342.732           1380
  -690.934        352.164           1381
  -691.737        355.075           1382
  -695.066        360.492           1383
  -694.694        360.225           1384
  -684.933         332.64           1385
  -695.53         361.62           1386
  -692.718        358.761           1387
  -689.954        352.974           1388
  -690.549         356.38           1389
  -689.957        352.809           1390
  -690.83        355.855           1391
  -690.322        355.961           1392
  -690.92          354.9           1393
  -687.9        349.085           1394
  -689.566         351.11           1395
  -691.238        357.615           1396
  -684.243         342.51           1397
  -668.787        306.342           1398
  -684.034        343.128           1399
  -692.169        358.021           1400
  -694.444        359.496           1401
  -693.461        359.031           1402
  -695.247        361.106           1403
  -690.345        349.453           1404
  -684.695        341.663           1405
  -692.279        357.677           1406
  -690.8        351.946           1407
  -682.952        334.595           1408
  -686.759        342.454           1409
  -693.427        358.461           1410
  -693.304        357.834           1411
  -693.462        358.772           1412
  -693.342        358.211           1413
  -694.721        360.793           1414
  -689.86        350.211           1415
  -696.46        362.958           1416
  -696.215        362.411           1417
  -695.199        360.711           1418
  -694.932         360.52           1419
  -672.628        314.218           1420
  -693.576         359.08           1421
  -690.588        351.397           1422
  -688.621        349.176           1423
  -685.556        344.801           1424
  -688.735         347.22           1425
  -688.199         348.15           1426
  -692.852        353.755           1427
  -700.854        365.908           1428
  -695.017        353.982           1429
  -698.157        362.234           1430
  -700.218        364.994           1431
  -686.38        331.461           1432
  -680.748        327.678           1433
  -689.833         343.23           1434
  -699.969        364.817           1435
  -698.747        363.882           1436
  -677.356        311.812           1437
  -697.816        361.951           1438
  -697.565        362.336           1439
  -691.892        357.519           1440
  -685.385        344.286           1441
  -692.926        358.573           1442
  -693.034        357.936           1443
  -694        360.476           1444
  -684.36         341.56           1445
  -689.441         350.45           1446
  -670.947        299.689           1447
  -692.685        357.497           1448
  -690.131        351.547           1449
  -693.272        359.033           1450
  -671.581        308.094           1451
  -688.981          346.8           1452
  -687.009        353.214           1453
  -664.264        306.234           1454
  -689.515        358.569           1455
  -669.135         312.12           1456
  -687.006        354.242           1457
  -684.892        351.875           1458
  -685.793        351.922           1459
  -685.542        352.882           1460
  -683.474        343.989           1461
  -684.843        349.646           1462
  -688.377        357.203           1463
  -675.107        330.982           1464
  -687.031        353.488           1465
  -697.602        361.733           1466
  -686.091        338.427           1467
  -675.545        317.853           1468
  -687.009        337.543           1469
  -696.479        361.014           1470
  -691.228        348.557           1471
  -698.527        363.295           1472
  -689.534        344.407           1473
  -698.236        363.723           1474
  -694.747        353.756           1475
  -696.144        359.224           1476
  -692.558        355.383           1477
  -691.147        345.854           1478
  -689.006        351.101           1479
  -695.889        363.997           1480
  -691.911        357.276           1481
  -692.883        360.224           1482
  -692.993        360.228           1483
  -692.865        357.009           1484
  -694.158        361.732           1485
  -684.148        337.699           1486
  -691.607        354.312           1487
  -689.933         355.27           1488
  -684.43        342.367           1489
  -694.548        362.745           1490
  -689.349        354.284           1491
  -696.153        360.685           1492
  -698.007        363.275           1493
  -693.475        355.197           1494
  -695.286        358.618           1495
  -692.107        350.467           1496
  -692.609        352.729           1497
  -681.615        330.429           1498
  -691.888        350.658           1499
